1460342848 1 0 0 0 0 0 0 0 0 0 0 0 0 0 0 0 0 0 0 0
1460342897 2 0 0 0 0 0 0 0 0 0 0 0 0 0 0 0 0 0 0 0
1460346893 3 0 0 0 0 0 0 0 0 0 0 0 0 0 0 0 0 0 0 0
1460348929 4 0 0 0 0 0 0 0 0 0 0 0 0 0 0 0 0 0 0 0
1460349289 5 0 0 0 0 0 0 0 0 0 0 0 0 0 0 0 0 0 0 0
1460349595 6 0 0 0 0 0 0 0 0 0 0 0 0 0 0 0 0 0 0 0
1460350010 7 0 0 0 0 0 0 0 0 0 0 0 0 0 0 0 0 0 0 0
1460350349 8 0 0 0 0 0 0 0 0 0 0 0 0 0 0 0 0 0 0 0
1460350819 9 0 0 0 0 0 0 0 0 0 0 0 0 0 0 0 0 0 0 0
1460355874 10 0 0 0 0 0 0 0 0 0 0 0 0 0 0 0 0 0 0 0
1460361040 11 0 0 0 0 0 0 0 0 0 0 0 0 0 0 0 0 0 0 0
1460363852 12 0 0 0 0 0 0 0 0 0 0 0 0 0 0 0 0 0 0 0
1460406458 13 0 0 0 0 0 0 0 0 0 0 0 0 0 0 0 0 0 0 0
1460411108 14 0 0 0 0 0 0 0 0 0 0 0 0 0 0 0 0 0 0 0
1460415184 15 0 0 0 0 0 0 0 0 0 0 0 0 0 0 0 0 0 0 0
1460423590 16 0 0 0 0 0 0 0 0 0 0 0 0 0 0 0 0 0 0 0
1460427330 17 0 0 0 0 0 0 0 0 0 0 0 0 0 0 0 0 0 0 0
1460427484 18 0 0 0 0 0 0 0 0 0 0 0 0 0 0 0 0 0 0 0
1460429593 19 0 0 0 0 0 0 0 0 0 0 0 0 0 0 0 0 0 0 0
1460488771 20 0 0 0 0 0 0 0 0 0 0 0 0 0 0 0 0 0 0 0
1460494829 21 0 0 0 0 0 0 0 0 0 0 0 0 0 0 0 0 0 0 0
1460496764 22 0 0 0 0 0 0 0 0 0 0 0 0 0 0 0 0 0 0 0
1460498625 23 0 0 0 0 0 0 0 0 0 0 0 0 0 0 0 0 0 0 0
1460499041 24 0 0 0 0 0 0 0 0 0 0 0 0 0 0 0 0 0 0 0
1460499063 25 0 0 0 0 0 0 0 0 0 0 0 0 0 0 0 0 0 0 0
1460500240 26 0 0 0 0 0 0 0 0 0 0 0 0 0 0 0 0 0 0 0
1460502141 27 0 0 0 0 0 0 0 0 0 0 0 0 0 0 0 0 0 0 0
1460502150 28 0 0 0 0 0 0 0 0 0 0 0 0 0 0 0 0 0 0 0
1460502302 29 0 0 0 0 0 0 0 0 0 0 0 0 0 0 0 0 0 0 0
1460504535 30 0 0 0 0 0 0 0 0 0 0 0 0 0 0 0 0 0 0 0
1460506556 31 0 0 0 0 0 0 0 0 0 0 0 0 0 0 0 0 0 0 0
1460507447 32 0 0 0 0 0 0 0 0 0 0 0 0 0 0 0 0 0 0 0
1460507883 33 0 0 0 0 0 0 0 0 0 0 0 0 0 0 0 0 0 0 0
1460508294 34 0 0 0 0 0 0 0 0 0 0 0 0 0 0 0 0 0 0 0
1460510510 35 0 0 0 0 0 0 0 0 0 0 0 0 0 0 0 0 0 0 0
1460511672 36 0 0 0 0 0 0 0 0 0 0 0 0 0 0 0 0 0 0 0
1460511864 37 0 0 0 0 0 0 0 0 0 0 0 0 0 0 0 0 0 0 0
1460513299 38 0 0 0 0 0 0 0 0 0 0 0 0 0 0 0 0 0 0 0
1460514157 39 0 0 0 0 0 0 0 0 0 0 0 0 0 0 0 0 0 0 0
1460515909 40 0 0 0 0 0 0 0 0 0 0 0 0 0 0 0 0 0 0 0
1460516349 41 0 0 0 0 0 0 0 0 0 0 0 0 0 0 0 0 0 0 0
1460516802 42 0 0 0 0 0 0 0 0 0 0 0 0 0 0 0 0 0 0 0
1460517812 43 0 0 0 0 0 0 0 0 0 0 0 0 0 0 0 0 0 0 0
1460531919 44 0 0 0 0 0 0 0 0 0 0 0 0 0 0 0 0 0 0 0
1460533605 45 0 0 0 0 0 0 0 0 0 0 0 0 0 0 0 0 0 0 0
1460536477 46 0 0 0 0 0 0 0 0 0 0 0 0 0 0 0 0 0 0 0
1460542267 47 0 0 0 0 0 0 0 0 0 0 0 0 0 0 0 0 0 0 0
1460543091 48 0 0 0 0 0 0 0 0 0 0 0 0 0 0 0 0 0 0 0
1460544334 49 0 0 0 0 0 0 0 0 0 0 0 0 0 0 0 0 0 0 0
1460573732 50 0 0 0 0 0 0 0 0 0 0 0 0 0 0 0 0 0 0 0
1460579920 51 0 0 0 0 0 0 0 0 0 0 0 0 0 0 0 0 0 0 0
1460584522 52 0 0 0 0 0 0 0 0 0 0 0 0 0 0 0 0 0 0 0
1460585560 53 0 0 0 0 0 0 0 0 0 0 0 0 0 0 0 0 0 0 0
1460585810 54 0 0 0 0 0 0 0 0 0 0 0 0 0 0 0 0 0 0 0
1460586829 55 0 0 0 0 0 0 0 0 0 0 0 0 0 0 0 0 0 0 0
1460587675 56 0 0 0 0 0 0 0 0 0 0 0 0 0 0 0 0 0 0 0
1460593865 57 0 0 0 0 0 0 0 0 0 0 0 0 0 0 0 0 0 0 0
1460594233 58 0 0 0 0 0 0 0 0 0 0 0 0 0 0 0 0 0 0 0
1460595034 59 0 0 0 0 0 0 0 0 0 0 0 0 0 0 0 0 0 0 0
1460595167 60 0 0 0 0 0 0 0 0 0 0 0 0 0 0 0 0 0 0 0
1460595267 61 0 0 0 0 0 0 0 0 0 0 0 0 0 0 0 0 0 0 0
1460595878 62 0 0 0 0 0 0 0 0 0 0 0 0 0 0 0 0 0 0 0
1460609640 63 0 0 0 0 0 0 0 0 0 0 0 0 0 0 0 0 0 0 0
1460610745 64 0 0 0 0 0 0 0 0 0 0 0 0 0 0 0 0 0 0 0
1460611010 65 0 0 0 0 0 0 0 0 0 0 0 0 0 0 0 0 0 0 0
1460625708 66 0 0 0 0 0 0 0 0 0 0 0 0 0 0 0 0 0 0 0
1460626012 67 0 0 0 0 0 0 0 0 0 0 0 0 0 0 0 0 0 0 0
1460626456 68 0 0 0 0 0 0 0 0 0 0 0 0 0 0 0 0 0 0 0
1460626517 69 0 0 0 0 0 0 0 0 0 0 0 0 0 0 0 0 0 0 0
1460630437 70 0 0 0 0 0 0 0 0 0 0 0 0 0 0 0 0 0 0 0
1460631738 71 0 0 0 0 0 0 0 0 0 0 0 0 0 0 0 0 0 0 0
1460632869 72 0 0 0 0 0 0 0 0 0 0 0 0 0 0 0 0 0 0 0
1460633758 73 0 0 0 0 0 0 0 0 0 0 0 0 0 0 0 0 0 0 0
1460635847 74 0 0 0 0 0 0 0 0 0 0 0 0 0 0 0 0 0 0 0
1460635990 75 0 0 0 0 0 0 0 0 0 0 0 0 0 0 0 0 0 0 0
1460638253 76 0 0 0 0 0 0 0 0 0 0 0 0 0 0 0 0 0 0 0
1460638769 77 0 0 0 0 0 0 0 0 0 0 0 0 0 0 0 0 0 0 0
1460639057 78 0 0 0 0 0 0 0 0 0 0 0 0 0 0 0 0 0 0 0
1460641935 79 0 0 0 0 0 0 0 0 0 0 0 0 0 0 0 0 0 0 0
1460642395 80 0 0 0 0 0 0 0 0 0 0 0 0 0 0 0 0 0 0 0
1460643024 81 0 0 0 0 0 0 0 0 0 0 0 0 0 0 0 0 0 0 0
1460658868 82 0 0 0 0 0 0 0 0 0 0 0 0 0 0 0 0 0 0 0
1460668926 83 0 0 0 0 0 0 0 0 0 0 0 0 0 0 0 0 0 0 0
1460672827 84 0 0 0 0 0 0 0 0 0 0 0 0 0 0 0 0 0 0 0
1460677952 85 0 0 0 0 0 0 0 0 0 0 0 0 0 0 0 0 0 0 0
1460684685 86 0 0 0 0 0 0 0 0 0 0 0 0 0 0 0 0 0 0 0
1460684864 87 0 0 0 0 0 0 0 0 0 0 0 0 0 0 0 0 0 0 0
1460686703 88 0 0 0 0 0 0 0 0 0 0 0 0 0 0 0 0 0 0 0
1460687257 89 0 0 0 0 0 0 0 0 0 0 0 0 0 0 0 0 0 0 0
1460688929 90 0 0 0 0 0 0 0 0 0 0 0 0 0 0 0 0 0 0 0
1460743784 91 0 0 0 0 0 0 0 0 0 0 0 0 0 0 0 0 0 0 0
1460745922 92 0 0 0 0 0 0 0 0 0 0 0 0 0 0 0 0 0 0 0
1460748085 93 0 0 0 0 0 0 0 0 0 0 0 0 0 0 0 0 0 0 0
1460748118 94 0 0 0 0 0 0 0 0 0 0 0 0 0 0 0 0 0 0 0
1460748947 95 0 0 0 0 0 0 0 0 0 0 0 0 0 0 0 0 0 0 0
1460748962 96 0 0 0 0 0 0 0 0 0 0 0 0 0 0 0 0 0 0 0
1460751570 97 0 0 0 0 0 0 0 0 0 0 0 0 0 0 0 0 0 0 0
1460751635 98 0 0 0 0 0 0 0 0 0 0 0 0 0 0 0 0 0 0 0
1460754011 99 0 0 0 0 0 0 0 0 0 0 0 0 0 0 0 0 0 0 0
1460754281 100 0 0 0 0 0 0 0 0 0 0 0 0 0 0 0 0 0 0 0
1460754791 101 0 0 0 0 0 0 0 0 0 0 0 0 0 0 0 0 0 0 0
1460756714 102 0 0 0 0 0 0 0 0 0 0 0 0 0 0 0 0 0 0 0
1460757670 103 0 0 0 0 0 0 0 0 0 0 0 0 0 0 0 0 0 0 0
1460759409 104 0 0 0 0 0 0 0 0 0 0 0 0 0 0 0 0 0 0 0
1460759878 105 0 0 0 0 0 0 0 0 0 0 0 0 0 0 0 0 0 0 0
1460763418 106 0 0 0 0 0 0 0 0 0 0 0 0 0 0 0 0 0 0 0
1460769012 107 0 0 0 0 0 0 0 0 0 0 0 0 0 0 0 0 0 0 0
1460770747 108 0 0 0 0 0 0 0 0 0 0 0 0 0 0 0 0 0 0 0
1460771335 109 0 0 0 0 0 0 0 0 0 0 0 0 0 0 0 0 0 0 0
1460771348 110 0 0 0 0 0 0 0 0 0 0 0 0 0 0 0 0 0 0 0
1460772835 111 0 0 0 0 0 0 0 0 0 0 0 0 0 0 0 0 0 0 0
1460773377 112 0 0 0 0 0 0 0 0 0 0 0 0 0 0 0 0 0 0 0
1460774778 113 0 0 0 0 0 0 0 0 0 0 0 0 0 0 0 0 0 0 0
1460776745 114 0 0 0 0 0 0 0 0 0 0 0 0 0 0 0 0 0 0 0
1460777424 115 0 0 0 0 0 0 0 0 0 0 0 0 0 0 0 0 0 0 0
1460779546 116 0 0 0 0 0 0 0 0 0 0 0 0 0 0 0 0 0 0 0
1460779646 117 0 0 0 0 0 0 0 0 0 0 0 0 0 0 0 0 0 0 0
1460780112 118 0 0 0 0 0 0 0 0 0 0 0 0 0 0 0 0 0 0 0
1460786756 119 0 0 0 0 0 0 0 0 0 0 0 0 0 0 0 0 0 0 0
1460787436 120 0 0 0 0 0 0 0 0 0 0 0 0 0 0 0 0 0 0 0
1460787570 121 0 0 0 0 0 0 0 0 0 0 0 0 0 0 0 0 0 0 0
1460788204 122 0 0 0 0 0 0 0 0 0 0 0 0 0 0 0 0 0 0 0
1460789088 123 0 0 0 0 0 0 0 0 0 0 0 0 0 0 0 0 0 0 0
1460790428 124 0 0 0 0 0 0 0 0 0 0 0 0 0 0 0 0 0 0 0
1460790503 125 0 0 0 0 0 0 0 0 0 0 0 0 0 0 0 0 0 0 0
1460793202 126 0 0 0 0 0 0 0 0 0 0 0 0 0 0 0 0 0 0 0
1460793644 127 0 0 0 0 0 0 0 0 0 0 0 0 0 0 0 0 0 0 0
1460794357 128 0 0 0 0 0 0 0 0 0 0 0 0 0 0 0 0 0 0 0
1460827577 129 0 0 0 0 0 0 0 0 0 0 0 0 0 0 0 0 0 0 0
1460827706 130 0 0 0 0 0 0 0 0 0 0 0 0 0 0 0 0 0 0 0
1460831244 131 0 0 0 0 0 0 0 0 0 0 0 0 0 0 0 0 0 0 0
1460831376 132 0 0 0 0 0 0 0 0 0 0 0 0 0 0 0 0 0 0 0
1460831891 133 0 0 0 0 0 0 0 0 0 0 0 0 0 0 0 0 0 0 0
1460837685 134 0 0 0 0 0 0 0 0 0 0 0 0 0 0 0 0 0 0 0
1460841492 135 0 0 0 0 0 0 0 0 0 0 0 0 0 0 0 0 0 0 0
1460842447 136 0 0 0 0 0 0 0 0 0 0 0 0 0 0 0 0 0 0 0
1460845295 137 0 0 0 0 0 0 0 0 0 0 0 0 0 0 0 0 0 0 0
1460845755 138 0 0 0 0 0 0 0 0 0 0 0 0 0 0 0 0 0 0 0
1460845816 139 0 0 0 0 0 0 0 0 0 0 0 0 0 0 0 0 0 0 0
1460845868 140 0 0 0 0 0 0 0 0 0 0 0 0 0 0 0 0 0 0 0
1460846506 141 0 0 0 0 0 0 0 0 0 0 0 0 0 0 0 0 0 0 0
1460847209 142 0 0 0 0 0 0 0 0 0 0 0 0 0 0 0 0 0 0 0
1460847381 143 0 0 0 0 0 0 0 0 0 0 0 0 0 0 0 0 0 0 0
1460852699 144 0 0 0 0 0 0 0 0 0 0 0 0 0 0 0 0 0 0 0
1460861072 145 0 0 0 0 0 0 0 0 0 0 0 0 0 0 0 0 0 0 0
1460861490 146 0 0 0 0 0 0 0 0 0 0 0 0 0 0 0 0 0 0 0
1460863239 147 0 0 0 0 0 0 0 0 0 0 0 0 0 0 0 0 0 0 0
1460863244 148 0 0 0 0 0 0 0 0 0 0 0 0 0 0 0 0 0 0 0
1460874760 149 0 0 0 0 0 0 0 0 0 0 0 0 0 0 0 0 0 0 0
1460917606 150 0 0 0 0 0 0 0 0 0 0 0 0 0 0 0 0 0 0 0
1460918818 151 0 0 0 0 0 0 0 0 0 0 0 0 0 0 0 0 0 0 0
1460921418 152 0 0 0 0 0 0 0 0 0 0 0 0 0 0 0 0 0 0 0
1460921480 153 0 0 0 0 0 0 0 0 0 0 0 0 0 0 0 0 0 0 0
1460921653 154 0 0 0 0 0 0 0 0 0 0 0 0 0 0 0 0 0 0 0
1460927108 155 0 0 0 0 0 0 0 0 0 0 0 0 0 0 0 0 0 0 0
1460928501 156 0 0 0 0 0 0 0 0 0 0 0 0 0 0 0 0 0 0 0
1460931260 157 0 0 0 0 0 0 0 0 0 0 0 0 0 0 0 0 0 0 0
1460934042 158 0 0 0 0 0 0 0 0 0 0 0 0 0 0 0 0 0 0 0
1460934209 159 0 0 0 0 0 0 0 0 0 0 0 0 0 0 0 0 0 0 0
1460937012 160 0 0 0 0 0 0 0 0 0 0 0 0 0 0 0 0 0 0 0
1460938243 161 0 0 0 0 0 0 0 0 0 0 0 0 0 0 0 0 0 0 0
1460938494 162 0 0 0 0 0 0 0 0 0 0 0 0 0 0 0 0 0 0 0
1460943200 163 0 0 0 0 0 0 0 0 0 0 0 0 0 0 0 0 0 0 0
1460945660 164 0 0 0 0 0 0 0 0 0 0 0 0 0 0 0 0 0 0 0
1460946460 165 0 0 0 0 0 0 0 0 0 0 0 0 0 0 0 0 0 0 0
1460947030 166 0 0 0 0 0 0 0 0 0 0 0 0 0 0 0 0 0 0 0
1460947494 167 0 0 0 0 0 0 0 0 0 0 0 0 0 0 0 0 0 0 0
1460948408 168 0 0 0 0 0 0 0 0 0 0 0 0 0 0 0 0 0 0 0
1460951203 169 0 0 0 0 0 0 0 0 0 0 0 0 0 0 0 0 0 0 0
1460951791 170 0 0 0 0 0 0 0 0 0 0 0 0 0 0 0 0 0 0 0
1460952822 171 0 0 0 0 0 0 0 0 0 0 0 0 0 0 0 0 0 0 0
1460955421 172 0 0 0 0 0 0 0 0 0 0 0 0 0 0 0 0 0 0 0
1460957218 173 0 0 0 0 0 0 0 0 0 0 0 0 0 0 0 0 0 0 0
1460957347 174 0 0 0 0 0 0 0 0 0 0 0 0 0 0 0 0 0 0 0
1461001238 175 0 0 0 0 0 0 0 0 0 0 0 0 0 0 0 0 0 0 0
1461001286 176 0 0 0 0 0 0 0 0 0 0 0 0 0 0 0 0 0 0 0
1461003976 177 0 0 0 0 0 0 0 0 0 0 0 0 0 0 0 0 0 0 0
1461004342 178 0 0 0 0 0 0 0 0 0 0 0 0 0 0 0 0 0 0 0
1461009001 179 0 0 0 0 0 0 0 0 0 0 0 0 0 0 0 0 0 0 0
1461012288 180 0 0 0 0 0 0 0 0 0 0 0 0 0 0 0 0 0 0 0
1461014004 181 0 0 0 0 0 0 0 0 0 0 0 0 0 0 0 0 0 0 0
1461014029 182 0 0 0 0 0 0 0 0 0 0 0 0 0 0 0 0 0 0 0
1461017141 183 0 0 0 0 0 0 0 0 0 0 0 0 0 0 0 0 0 0 0
1461017848 184 0 0 0 0 0 0 0 0 0 0 0 0 0 0 0 0 0 0 0
1461019473 185 0 0 0 0 0 0 0 0 0 0 0 0 0 0 0 0 0 0 0
1461025457 186 0 0 0 0 0 0 0 0 0 0 0 0 0 0 0 0 0 0 0
1461032268 187 0 0 0 0 0 0 0 0 0 0 0 0 0 0 0 0 0 0 0
1461032353 188 0 0 0 0 0 0 0 0 0 0 0 0 0 0 0 0 0 0 0
1461032543 189 0 0 0 0 0 0 0 0 0 0 0 0 0 0 0 0 0 0 0
1461033379 190 0 0 0 0 0 0 0 0 0 0 0 0 0 0 0 0 0 0 0
1461033667 191 0 0 0 0 0 0 0 0 0 0 0 0 0 0 0 0 0 0 0
1461033811 192 0 0 0 0 0 0 0 0 0 0 0 0 0 0 0 0 0 0 0
1461040300 193 0 0 0 0 0 0 0 0 0 0 0 0 0 0 0 0 0 0 0
1461041120 194 0 0 0 0 0 0 0 0 0 0 0 0 0 0 0 0 0 0 0
1461052372 195 0 0 0 0 0 0 0 0 0 0 0 0 0 0 0 0 0 0 0
1461052378 196 0 0 0 0 0 0 0 0 0 0 0 0 0 0 0 0 0 0 0
1461053132 197 0 0 0 0 0 0 0 0 0 0 0 0 0 0 0 0 0 0 0
1461054056 198 0 0 0 0 0 0 0 0 0 0 0 0 0 0 0 0 0 0 0
1461054129 199 0 0 0 0 0 0 0 0 0 0 0 0 0 0 0 0 0 0 0
1461054319 200 0 0 0 0 0 0 0 0 0 0 0 0 0 0 0 0 0 0 0
1461078201 201 0 0 0 0 0 0 0 0 0 0 0 0 0 0 0 0 0 0 0
1461078477 202 0 0 0 0 0 0 0 0 0 0 0 0 0 0 0 0 0 0 0
1461085483 203 0 0 0 0 0 0 0 0 0 0 0 0 0 0 0 0 0 0 0
1461085495 204 0 0 0 0 0 0 0 0 0 0 0 0 0 0 0 0 0 0 0
1461093013 205 0 0 0 0 0 0 0 0 0 0 0 0 0 0 0 0 0 0 0
1461099850 206 0 0 0 0 0 0 0 0 0 0 0 0 0 0 0 0 0 0 0
1461101184 207 0 0 0 0 0 0 0 0 0 0 0 0 0 0 0 0 0 0 0
1461102037 208 0 0 0 0 0 0 0 0 0 0 0 0 0 0 0 0 0 0 0
1461108666 209 0 0 0 0 0 0 0 0 0 0 0 0 0 0 0 0 0 0 0
1461108699 210 0 0 0 0 0 0 0 0 0 0 0 0 0 0 0 0 0 0 0
1461109515 211 0 0 0 0 0 0 0 0 0 0 0 0 0 0 0 0 0 0 0
1461111227 212 0 0 0 0 0 0 0 0 0 0 0 0 0 0 0 0 0 0 0
1461119200 213 0 0 0 0 0 0 0 0 0 0 0 0 0 0 0 0 0 0 0
1461120968 214 0 0 0 0 0 0 0 0 0 0 0 0 0 0 0 0 0 0 0
1461121564 215 0 0 0 0 0 0 0 0 0 0 0 0 0 0 0 0 0 0 0
1461122327 216 0 0 0 0 0 0 0 0 0 0 0 0 0 0 0 0 0 0 0
1461124428 217 0 0 0 0 0 0 0 0 0 0 0 0 0 0 0 0 0 0 0
1461125553 218 0 0 0 0 0 0 0 0 0 0 0 0 0 0 0 0 0 0 0
1461125909 219 0 0 0 0 0 0 0 0 0 0 0 0 0 0 0 0 0 0 0
1461172667 220 0 0 0 0 0 0 0 0 0 0 0 0 0 0 0 0 0 0 0
1461173237 221 0 0 0 0 0 0 0 0 0 0 0 0 0 0 0 0 0 0 0
1461176794 222 0 0 0 0 0 0 0 0 0 0 0 0 0 0 0 0 0 0 0
1461177199 223 0 0 0 0 0 0 0 0 0 0 0 0 0 0 0 0 0 0 0
1461177342 224 0 0 0 0 0 0 0 0 0 0 0 0 0 0 0 0 0 0 0
1461179205 225 0 0 0 0 0 0 0 0 0 0 0 0 0 0 0 0 0 0 0
1461181994 226 0 0 0 0 0 0 0 0 0 0 0 0 0 0 0 0 0 0 0
1461187087 227 0 0 0 0 0 0 0 0 0 0 0 0 0 0 0 0 0 0 0
1461187383 228 0 0 0 0 0 0 0 0 0 0 0 0 0 0 0 0 0 0 0
1461187921 229 0 0 0 0 0 0 0 0 0 0 0 0 0 0 0 0 0 0 0
1461190721 230 0 0 0 0 0 0 0 0 0 0 0 0 0 0 0 0 0 0 0
1461190772 231 0 0 0 0 0 0 0 0 0 0 0 0 0 0 0 0 0 0 0
1461191244 232 0 0 0 0 0 0 0 0 0 0 0 0 0 0 0 0 0 0 0
1461191399 233 0 0 0 0 0 0 0 0 0 0 0 0 0 0 0 0 0 0 0
1461205977 234 0 0 0 0 0 0 0 0 0 0 0 0 0 0 0 0 0 0 0
1461205987 235 0 0 0 0 0 0 0 0 0 0 0 0 0 0 0 0 0 0 0
1461206063 236 0 0 0 0 0 0 0 0 0 0 0 0 0 0 0 0 0 0 0
1461211711 237 0 0 0 0 0 0 0 0 0 0 0 0 0 0 0 0 0 0 0
1461213751 238 0 0 0 0 0 0 0 0 0 0 0 0 0 0 0 0 0 0 0
1461219115 239 0 0 0 0 0 0 0 0 0 0 0 0 0 0 0 0 0 0 0
1461219766 240 0 0 0 0 0 0 0 0 0 0 0 0 0 0 0 0 0 0 0
1461220425 241 0 0 0 0 0 0 0 0 0 0 0 0 0 0 0 0 0 0 0
1461221114 242 0 0 0 0 0 0 0 0 0 0 0 0 0 0 0 0 0 0 0
1461227066 243 0 0 0 0 0 0 0 0 0 0 0 0 0 0 0 0 0 0 0
1461227661 244 0 0 0 0 0 0 0 0 0 0 0 0 0 0 0 0 0 0 0
1461228273 245 0 0 0 0 0 0 0 0 0 0 0 0 0 0 0 0 0 0 0
1461228505 246 0 0 0 0 0 0 0 0 0 0 0 0 0 0 0 0 0 0 0
1461228668 247 0 0 0 0 0 0 0 0 0 0 0 0 0 0 0 0 0 0 0
1461231914 248 0 0 0 0 0 0 0 0 0 0 0 0 0 0 0 0 0 0 0
1461233737 249 0 0 0 0 0 0 0 0 0 0 0 0 0 0 0 0 0 0 0
1461234542 250 0 0 0 0 0 0 0 0 0 0 0 0 0 0 0 0 0 0 0
1461234663 251 0 0 0 0 0 0 0 0 0 0 0 0 0 0 0 0 0 0 0
1461254287 252 0 0 0 0 0 0 0 0 0 0 0 0 0 0 0 0 0 0 0
1461256632 253 0 0 0 0 0 0 0 0 0 0 0 0 0 0 0 0 0 0 0
1461256842 254 0 0 0 0 0 0 0 0 0 0 0 0 0 0 0 0 0 0 0
1461262812 255 0 0 0 0 0 0 0 0 0 0 0 0 0 0 0 0 0 0 0
1461264883 256 0 0 0 0 0 0 0 0 0 0 0 0 0 0 0 0 0 0 0
1461266734 257 0 0 0 0 0 0 0 0 0 0 0 0 0 0 0 0 0 0 0
1461267075 258 0 0 0 0 0 0 0 0 0 0 0 0 0 0 0 0 0 0 0
1461270029 259 0 0 0 0 0 0 0 0 0 0 0 0 0 0 0 0 0 0 0
1461271651 260 0 0 0 0 0 0 0 0 0 0 0 0 0 0 0 0 0 0 0
1461272623 261 0 0 0 0 0 0 0 0 0 0 0 0 0 0 0 0 0 0 0
1461273054 262 0 0 0 0 0 0 0 0 0 0 0 0 0 0 0 0 0 0 0
1461273778 263 0 0 0 0 0 0 0 0 0 0 0 0 0 0 0 0 0 0 0
1461274204 264 0 0 0 0 0 0 0 0 0 0 0 0 0 0 0 0 0 0 0
1461274431 265 0 0 0 0 0 0 0 0 0 0 0 0 0 0 0 0 0 0 0
1461275674 266 0 0 0 0 0 0 0 0 0 0 0 0 0 0 0 0 0 0 0
1461276128 267 0 0 0 0 0 0 0 0 0 0 0 0 0 0 0 0 0 0 0
1461277149 268 0 0 0 0 0 0 0 0 0 0 0 0 0 0 0 0 0 0 0
1461280993 269 0 0 0 0 0 0 0 0 0 0 0 0 0 0 0 0 0 0 0
1461281063 270 0 0 0 0 0 0 0 0 0 0 0 0 0 0 0 0 0 0 0
1461281375 271 0 0 0 0 0 0 0 0 0 0 0 0 0 0 0 0 0 0 0
1461292863 272 0 0 0 0 0 0 0 0 0 0 0 0 0 0 0 0 0 0 0
1461294010 273 0 0 0 0 0 0 0 0 0 0 0 0 0 0 0 0 0 0 0
1461294947 274 0 0 0 0 0 0 0 0 0 0 0 0 0 0 0 0 0 0 0
1461345677 275 0 0 0 0 0 0 0 0 0 0 0 0 0 0 0 0 0 0 0
1461348370 276 0 0 0 0 0 0 0 0 0 0 0 0 0 0 0 0 0 0 0
1461349127 277 0 0 0 0 0 0 0 0 0 0 0 0 0 0 0 0 0 0 0
1461350040 278 0 0 0 0 0 0 0 0 0 0 0 0 0 0 0 0 0 0 0
1461351524 279 0 0 0 0 0 0 0 0 0 0 0 0 0 0 0 0 0 0 0
1461353222 280 0 0 0 0 0 0 0 0 0 0 0 0 0 0 0 0 0 0 0
1461353779 281 0 0 0 0 0 0 0 0 0 0 0 0 0 0 0 0 0 0 0
1461354842 282 0 0 0 0 0 0 0 0 0 0 0 0 0 0 0 0 0 0 0
1461382793 283 0 0 0 0 0 0 0 0 0 0 0 0 0 0 0 0 0 0 0
1461384802 284 0 0 0 0 0 0 0 0 0 0 0 0 0 0 0 0 0 0 0
1461385871 285 0 0 0 0 0 0 0 0 0 0 0 0 0 0 0 0 0 0 0
1461387686 286 0 0 0 0 0 0 0 0 0 0 0 0 0 0 0 0 0 0 0
1461389196 287 0 0 0 0 0 0 0 0 0 0 0 0 0 0 0 0 0 0 0
1461432571 288 0 0 0 0 1 0 0 0 0 0 0 0 0 0 0 0 0 0 0
1461433067 289 0 0 0 0 1 0 0 0 0 0 0 0 0 0 0 0 0 0 0
1461442339 290 0 0 0 0 1 0 0 0 0 0 0 0 0 0 0 0 0 0 0
1461442553 291 0 0 0 0 1 0 0 0 0 0 0 0 0 0 0 0 0 0 0
1461445064 292 0 0 0 0 1 0 0 0 0 0 0 0 0 0 0 0 0 0 0
1461445603 293 0 0 0 0 1 0 0 0 0 0 0 0 0 0 0 0 0 0 0
1461456038 294 0 0 0 0 1 0 0 0 0 0 0 0 0 0 0 0 0 0 0
1461490201 296 0 0 0 0 2 0 0 0 0 0 0 0 0 0 0 0 0 0 0
1461518978 297 0 0 0 0 2 0 0 0 0 0 0 0 0 0 0 0 0 0 0
1461523175 298 0 0 0 0 2 0 0 0 0 0 0 0 0 0 0 0 0 0 0
1461523773 299 0 0 0 0 2 0 0 0 0 0 0 0 0 0 0 0 0 0 0
1461525260 300 0 0 0 0 2 0 0 0 0 0 0 0 0 0 0 0 0 0 0
1461531025 301 0 0 0 0 2 0 0 0 0 0 0 0 0 0 0 0 0 0 0
1461531477 302 0 0 0 0 2 0 0 0 0 0 0 0 0 0 0 0 0 0 0
1461532354 303 0 0 0 0 2 0 0 0 0 0 0 0 0 0 0 0 0 0 0
1461532605 304 0 0 0 0 2 0 0 0 0 0 0 0 0 0 0 0 0 0 0
1461534826 305 0 0 0 0 2 0 0 0 0 0 0 0 0 0 0 0 0 0 0
1461535099 306 0 0 0 0 2 0 0 0 0 0 0 0 0 0 0 0 0 0 0
1461540257 307 0 0 0 0 2 0 0 0 0 0 0 0 0 0 0 0 0 0 0
1461549715 308 0 0 0 0 2 0 0 0 0 0 0 0 0 0 0 0 0 0 0
1461552778 309 0 0 0 0 2 0 0 0 0 0 0 0 0 0 0 0 0 0 0
1461553599 310 0 0 0 0 2 0 0 0 0 0 0 0 0 0 0 0 0 0 0
1461555067 311 0 0 0 0 2 0 0 0 0 0 0 0 0 0 0 0 0 0 0
1461555733 312 0 0 0 0 2 0 0 0 0 0 0 0 0 0 0 0 0 0 0
1461556426 313 0 0 0 0 2 0 0 0 0 0 0 0 0 0 0 0 0 0 0
1461556433 314 0 0 0 0 2 0 0 0 0 0 0 0 0 0 0 0 0 0 0
1461557193 315 0 0 0 0 2 0 0 0 0 0 0 0 0 0 0 0 0 0 0
1461602779 315 0 0 0 0 3 0 0 0 0 0 0 0 0 0 0 0 0 0 0
1461603517 316 0 0 0 0 3 0 0 0 0 0 0 0 0 0 0 0 0 0 0
1461603737 316 0 0 0 0 4 0 0 0 0 0 0 0 0 0 0 0 0 0 0
1461604679 317 0 0 0 0 4 0 0 0 0 0 0 0 0 0 0 0 0 0 0
1461605839 318 0 0 0 0 4 0 0 0 0 0 0 0 0 0 0 0 0 0 0
1461606202 319 0 0 0 0 4 0 0 0 0 0 0 0 0 0 0 0 0 0 0
1461606268 320 0 0 0 0 4 0 0 0 0 0 0 0 0 0 0 0 0 0 0
1461616640 321 0 0 0 0 4 0 0 0 0 0 0 0 0 0 0 0 0 0 0
1461617010 322 0 0 0 0 4 0 0 0 0 0 0 0 0 0 0 0 0 0 0
1461617142 323 0 0 0 0 4 0 0 0 0 0 0 0 0 0 0 0 0 0 0
1461618946 324 0 0 0 0 4 0 0 0 0 0 0 0 0 0 0 0 0 0 0
1461625833 325 0 0 0 0 4 0 0 0 0 0 0 0 0 0 0 0 0 0 0
1461626127 326 0 0 0 0 4 0 0 0 0 0 0 0 0 0 0 0 0 0 0
1461626459 327 0 0 0 0 4 0 0 0 0 0 0 0 0 0 0 0 0 0 0
1461627033 328 0 0 0 0 4 0 0 0 0 0 0 0 0 0 0 0 0 0 0
1461634198 329 0 0 0 0 4 0 0 0 0 0 0 0 0 0 0 0 0 0 0
1461637396 330 0 0 0 0 4 0 0 0 0 0 0 0 0 0 0 0 0 0 0
1461640186 331 0 0 0 0 4 0 0 0 0 0 0 0 0 0 0 0 0 0 0
1461641159 331 0 0 0 0 5 0 0 0 0 0 0 0 0 0 0 0 0 0 0
1461641448 332 0 0 0 0 5 0 0 0 0 0 0 0 0 0 0 0 0 0 0
1461641569 333 0 0 0 0 5 0 0 0 0 0 0 0 0 0 0 0 0 0 0
1461641789 334 0 0 0 0 5 0 0 0 0 0 0 0 0 0 0 0 0 0 0
1461641952 335 0 0 0 0 5 0 0 0 0 0 0 0 0 0 0 0 0 0 0
1461645769 336 0 0 0 0 5 0 0 0 0 0 0 0 0 0 0 0 0 0 0
1461646034 337 0 0 0 0 5 0 0 0 0 0 0 0 0 0 0 0 0 0 0
1461647134 338 0 0 0 0 5 0 0 0 0 0 0 0 0 0 0 0 0 0 0
1461647359 339 0 0 0 0 5 0 0 0 0 0 0 0 0 0 0 0 0 0 0
1461683037 340 0 0 0 0 5 0 0 0 0 0 0 0 0 0 0 0 0 0 0
1461683411 341 0 0 0 0 5 0 0 0 0 0 0 0 0 0 0 0 0 0 0
1461690073 342 0 0 0 0 5 0 0 0 0 0 0 0 0 0 0 0 0 0 0
1461690793 343 0 0 0 0 5 0 0 0 0 0 0 0 0 0 0 0 0 0 0
1461691195 344 0 0 0 0 5 0 0 0 0 0 0 0 0 0 0 0 0 0 0
1461691767 345 0 0 0 0 5 0 0 0 0 0 0 0 0 0 0 0 0 0 0
1461711744 345 0 0 0 0 5 0 0 0 0 0 0 0 0 0 0 0 0 0 0
1461735281 346 0 0 0 0 5 0 0 0 0 0 0 0 0 0 0 0 0 0 0
1461744404 347 0 0 0 0 5 0 0 0 0 0 0 0 0 0 0 0 0 0 0
1461749261 348 0 0 0 0 5 0 0 0 0 0 0 0 0 0 0 0 0 0 0
1461776830 348 0 0 1 0 5 0 0 0 0 0 0 0 0 0 0 0 0 0 0
1461776845 348 0 0 1 0 6 0 0 0 0 0 0 0 0 0 0 0 0 0 0
1461777181 349 0 0 1 0 6 0 0 0 0 0 0 0 0 0 0 0 0 0 0
1461777545 350 0 0 1 0 6 0 0 0 0 0 0 0 0 0 0 0 0 0 0
1461780838 351 0 0 1 0 6 0 0 0 0 0 0 0 0 0 0 0 0 0 0
1461784937 351 0 0 1 0 6 0 0 0 0 0 0 0 0 0 0 0 0 0 0
1461890676 351 0 0 1 1 6 0 0 0 0 0 0 0 0 0 0 0 0 0 0
1461890692 351 0 0 1 2 6 0 0 0 0 0 0 0 0 0 0 0 0 0 0
1461890714 351 0 0 1 3 6 0 0 0 0 0 0 0 0 0 0 0 0 0 0
1461890724 351 0 0 1 4 6 0 0 0 0 0 0 0 0 0 0 0 0 0 0
1461891260 351 0 0 1 5 6 0 0 0 0 0 0 0 0 0 0 0 0 0 0
1461899891 352 0 0 1 5 6 0 0 0 0 0 0 0 0 0 0 0 0 0 0
1461906179 353 0 0 1 5 6 0 0 0 0 0 0 0 0 0 0 0 0 0 0
1461951660 354 0 0 1 5 6 0 0 0 0 0 0 0 0 0 0 0 0 0 0
1461954576 355 0 0 1 5 6 0 0 0 0 0 0 0 0 0 0 0 0 0 0
1461960319 356 0 0 1 5 6 0 0 0 0 0 0 0 0 0 0 0 0 0 0
1461960552 357 0 0 1 5 6 0 0 0 0 0 0 0 0 0 0 0 0 0 0
1461969592 358 0 0 1 5 6 0 0 0 0 0 0 0 0 0 0 0 0 0 0
1461969740 359 0 0 1 5 6 0 0 0 0 0 0 0 0 0 0 0 0 0 0
1461972369 360 0 0 1 5 6 0 0 0 0 0 0 0 0 0 0 0 0 0 0
1461972692 361 0 0 1 5 6 0 0 0 0 0 0 0 0 0 0 0 0 0 0
1461973253 362 0 0 1 5 6 0 0 0 0 0 0 0 0 0 0 0 0 0 0
1461973450 363 0 0 1 5 6 0 0 0 0 0 0 0 0 0 0 0 0 0 0
1461974453 364 0 0 1 5 6 0 0 0 0 0 0 0 0 0 0 0 0 0 0
1461974922 365 0 0 1 5 6 0 0 0 0 0 0 0 0 0 0 0 0 0 0
1461975121 366 0 0 1 5 6 0 0 0 0 0 0 0 0 0 0 0 0 0 0
1462347406 366 0 0 1 5 6 0 0 0 0 0 0 0 0 0 0 0 0 0 0
1462376176 366 0 0 1 5 6 0 0 0 0 0 0 0 0 0 0 1 0 0 0
1462394820 367 0 0 1 5 6 0 0 0 0 0 0 0 0 0 0 1 0 0 0
1462394927 368 0 0 1 5 6 0 0 0 0 0 0 0 0 0 0 1 0 0 0
1462473990 369 0 0 1 5 6 0 0 0 0 0 0 0 0 0 0 1 0 0 0
1462477596 370 0 0 1 5 6 0 0 0 0 0 0 0 0 0 0 1 0 0 0
1462489692 370 0 0 2 5 6 0 0 0 0 0 0 0 0 0 0 1 0 0 0
1462489875 371 0 0 2 5 6 0 0 0 0 0 0 0 0 0 0 1 0 0 0
1462564298 372 0 0 3 5 6 0 0 0 0 0 0 0 0 0 0 1 0 0 0
1462645243 372 0 0 4 5 6 0 0 0 0 0 0 0 0 0 0 1 0 0 0
1462648123 372 0 0 5 5 6 0 0 0 0 0 0 0 0 0 0 1 0 0 0
1462650706 372 0 0 5 5 6 0 0 0 0 0 0 0 0 0 0 2 0 0 0
1462652853 373 0 0 5 5 6 0 0 0 0 0 0 0 0 0 0 2 0 0 0
1462659029 374 0 0 5 5 6 0 0 0 0 0 0 0 0 0 0 2 0 0 0
1462659539 375 0 0 5 5 6 0 0 0 0 0 0 0 0 0 0 2 0 0 0
1462674138 376 0 0 5 5 6 0 0 0 0 0 0 0 0 0 0 2 0 0 0
1462674373 377 0 0 5 5 6 0 0 0 0 0 0 0 0 0 0 2 0 0 0
1462680776 378 0 0 5 5 6 0 0 0 0 0 0 0 0 0 0 2 0 0 0
1462680884 379 0 0 5 5 6 0 0 0 0 0 0 0 0 0 0 2 0 0 0
1462682622 380 0 0 5 5 6 0 0 0 0 0 0 0 0 0 0 2 0 0 0
1462682783 381 0 0 5 5 6 0 0 0 0 0 0 0 0 0 0 2 0 0 0
1462683509 382 0 0 5 5 6 0 0 0 0 0 0 0 0 0 0 2 0 0 0
1462733471 383 0 0 5 5 6 0 0 0 0 0 0 0 0 0 0 2 0 0 0
1462734144 384 0 0 5 5 6 0 0 0 0 0 0 0 0 0 0 2 0 0 0
1462738902 385 0 0 5 5 6 0 0 0 0 0 0 0 0 0 0 2 0 0 0
1462741192 386 0 0 5 5 6 0 0 0 0 0 0 0 0 0 0 2 0 0 0
1462742833 387 0 0 5 5 6 0 0 0 0 0 0 0 0 0 0 2 0 0 0
1462743119 388 0 0 5 5 6 0 0 0 0 0 0 0 0 0 0 2 0 0 0
1462745479 389 0 0 5 5 6 0 0 0 0 0 0 0 0 0 0 2 0 0 0
1462819378 390 0 0 5 5 6 0 0 0 0 0 0 0 0 0 0 2 0 0 0
1462829487 391 0 0 5 5 6 0 0 0 0 0 0 0 0 0 0 2 0 0 0
1462831698 392 0 0 5 5 6 0 0 0 0 0 0 0 0 0 0 2 0 0 0
1462832779 393 0 0 5 5 6 0 0 0 0 0 0 0 0 0 0 2 0 0 0
1462832789 394 0 0 5 5 6 0 0 0 0 0 0 0 0 0 0 2 0 0 0
1462893960 395 0 0 5 5 6 0 0 0 0 0 0 0 0 0 0 2 0 0 0
1462898563 395 0 0 5 6 6 0 0 0 0 0 0 0 0 0 0 2 0 0 0
1462904795 396 0 0 5 6 6 0 0 0 0 0 0 0 0 0 0 2 0 0 0
1462917810 397 0 0 5 6 6 0 0 0 0 0 0 0 0 0 0 2 0 0 0
1462986016 398 0 0 5 6 6 0 0 0 0 0 0 0 0 0 0 2 0 0 0
1462995650 399 0 0 5 6 6 0 0 0 0 0 0 0 0 0 0 2 0 0 0
1463007075 400 0 0 5 6 6 0 0 0 0 0 0 0 0 0 0 2 0 0 0
1463008307 401 0 0 5 6 6 0 0 0 0 0 0 0 0 0 0 2 0 0 0
1463011398 402 0 0 5 6 6 0 0 0 0 0 0 0 0 0 0 2 0 0 0
1463021859 403 0 0 5 6 6 0 0 0 0 0 0 0 0 0 0 2 0 0 0
1463022000 404 0 0 5 6 6 0 0 0 0 0 0 0 0 0 0 2 0 0 0
1463030513 404 0 0 6 6 6 0 0 0 0 0 0 0 0 0 0 2 0 0 0
1463031650 404 1 0 6 6 6 0 0 0 0 0 0 0 0 0 0 2 0 0 0
1463032561 405 1 0 6 6 6 0 0 0 0 0 0 0 0 0 0 2 0 0 0
1463033618 405 1 0 7 6 6 0 0 0 0 0 0 0 0 0 0 2 0 0 0
1463035751 406 1 0 7 6 6 0 0 0 0 0 0 0 0 0 0 2 0 0 0
1463070894 407 1 0 7 6 6 0 0 0 0 0 0 0 0 0 0 2 0 0 0
1463074590 408 1 0 7 6 6 0 0 0 0 0 0 0 0 0 0 2 0 0 0
1463075231 409 1 0 7 6 6 0 0 0 0 0 0 0 0 0 0 2 0 0 0
1463076373 410 1 0 7 6 6 0 0 0 0 0 0 0 0 0 0 2 0 0 0
1463076818 411 1 0 7 6 6 0 0 0 0 0 0 0 0 0 0 2 0 0 0
1463086176 412 1 0 7 6 6 0 0 0 0 0 0 0 0 0 0 2 0 0 0
1463086183 413 1 0 7 6 6 0 0 0 0 0 0 0 0 0 0 2 0 0 0
1463094818 414 1 0 7 6 6 0 0 0 0 0 0 0 0 0 0 2 0 0 0
1463097196 415 1 0 7 6 6 0 0 0 0 0 0 0 0 0 0 2 0 0 0
1463099776 416 1 0 7 6 6 0 0 0 0 0 0 0 0 0 0 2 0 0 0
1463102543 417 1 0 7 6 6 0 0 0 0 0 0 0 0 0 0 2 0 0 0
1463166304 418 1 0 7 6 6 0 0 0 0 0 0 0 0 0 0 2 0 0 0
1463178604 419 1 0 7 6 6 0 0 0 0 0 0 0 0 0 0 2 0 0 0
1463180952 420 1 0 7 6 6 0 0 0 0 0 0 0 0 0 0 2 0 0 0
1463181740 421 1 0 7 6 6 0 0 0 0 0 0 0 0 0 0 2 0 0 0
1463182258 422 1 0 7 6 6 0 0 0 0 0 0 0 0 0 0 2 0 0 0
1463182332 423 1 0 7 6 6 0 0 0 0 0 0 0 0 0 0 2 0 0 0
1463187189 423 2 0 7 6 6 0 0 0 0 0 0 0 0 0 0 2 0 0 0
1463187278 424 2 0 7 6 6 0 0 0 0 0 0 0 0 0 0 2 0 0 0
1463187850 425 2 0 7 6 6 0 0 0 0 0 0 0 0 0 0 2 0 0 0
1463188376 426 2 0 7 6 6 0 0 0 0 0 0 0 0 0 0 2 0 0 0
1463188604 427 2 0 7 6 6 0 0 0 0 0 0 0 0 0 0 2 0 0 0
1463189039 428 2 0 7 6 6 0 0 0 0 0 0 0 0 0 0 2 0 0 0
1463209701 429 2 0 7 6 6 0 0 0 0 0 0 0 0 0 0 2 0 0 0
1463210061 430 2 0 7 6 6 0 0 0 0 0 0 0 0 0 0 2 0 0 0
1463211521 431 2 0 7 6 6 0 0 0 0 0 0 0 0 0 0 2 0 0 0
1463213448 432 2 0 7 6 6 0 0 0 0 0 0 0 0 0 0 2 0 0 0
1463216934 433 2 0 7 6 6 0 0 0 0 0 0 0 0 0 0 2 0 0 0
1463219692 434 2 0 7 6 6 0 0 0 0 0 0 0 0 0 0 2 0 0 0
1463221254 435 2 0 7 6 6 0 0 0 0 0 0 0 0 0 0 2 0 0 0
1463221306 435 3 0 7 6 6 0 0 0 0 0 0 0 0 0 0 2 0 0 0
1463226056 436 3 0 7 6 6 0 0 0 0 0 0 0 0 0 0 2 0 0 0
1463255358 436 3 0 7 6 7 0 0 0 0 0 0 0 0 0 0 2 0 0 0
1463255568 437 3 0 7 6 7 0 0 0 0 0 0 0 0 0 0 2 0 0 0
1463255689 438 3 0 7 6 7 0 0 0 0 0 0 0 0 0 0 2 0 0 0
1463265954 439 3 0 7 6 7 0 0 0 0 0 0 0 0 0 0 2 0 0 0
1463268012 440 3 0 7 6 7 0 0 0 0 0 0 0 0 0 0 2 0 0 0
1463345444 440 4 0 7 6 7 0 0 0 0 0 0 0 0 0 0 2 0 0 0
1463375012 441 4 0 7 6 7 0 0 0 0 0 0 0 0 0 0 2 0 0 0
1463375027 442 4 0 7 6 7 0 0 0 0 0 0 0 0 0 0 2 0 0 0
1463417813 442 5 0 7 6 7 0 0 0 0 0 0 0 0 0 0 2 0 0 0
1463417929 443 5 0 7 6 7 0 0 0 0 0 0 0 0 0 0 2 0 0 0
1463426890 444 5 0 7 6 7 0 0 0 0 0 0 0 0 0 0 2 0 0 0
1463428245 445 5 0 7 6 7 0 0 0 0 0 0 0 0 0 0 2 0 0 0
1463430548 445 5 0 8 6 7 0 0 0 0 0 0 0 0 0 0 2 0 0 0
1463437131 446 5 0 8 6 7 0 0 0 0 0 0 0 0 0 0 2 0 0 0
1463437585 447 5 0 8 6 7 0 0 0 0 0 0 0 0 0 0 2 0 0 0
1463446933 447 5 0 8 6 8 0 0 0 0 0 0 0 0 0 0 2 0 0 0
1463446982 448 5 0 8 6 8 0 0 0 0 0 0 0 0 0 0 2 0 0 0
1463448590 449 5 0 8 6 8 0 0 0 0 0 0 0 0 0 0 2 0 0 0
1463493504 449 5 0 8 6 9 0 0 0 0 0 0 0 0 0 0 2 0 0 0
1463495840 450 5 0 8 6 9 0 0 0 0 0 0 0 0 0 0 2 0 0 0
1463504252 451 5 0 8 6 9 0 0 0 0 0 0 0 0 0 0 2 0 0 0
1463548569 452 5 0 8 6 9 0 0 0 0 0 0 0 0 0 0 2 0 0 0
1463549713 452 5 0 9 6 9 0 0 0 0 0 0 0 0 0 0 2 0 0 0
1463589702 453 5 0 9 6 9 0 0 0 0 0 0 0 0 0 0 2 0 0 0
1463591294 454 5 0 9 6 9 0 0 0 0 0 0 0 0 0 0 2 0 0 0
1463591911 454 6 0 9 6 9 0 0 0 0 0 0 0 0 0 0 2 0 0 0
1463619471 455 6 0 9 6 9 0 0 0 0 0 0 0 0 0 0 2 0 0 0
1463676767 456 6 0 9 6 9 0 0 0 0 0 0 0 0 0 0 2 0 0 0
1463679256 457 6 0 9 6 9 0 0 0 0 0 0 0 0 0 0 2 0 0 0
1463680691 458 6 0 9 6 9 0 0 0 0 0 0 0 0 0 0 2 0 0 0
1463680890 458 7 0 9 6 9 0 0 0 0 0 0 0 0 0 0 2 0 0 0
1463714158 459 7 0 9 6 9 0 0 0 0 0 0 0 0 0 0 2 0 0 0
1463715395 460 7 0 9 6 9 0 0 0 0 0 0 0 0 0 0 2 0 0 0
1463715785 461 7 0 9 6 9 0 0 0 0 0 0 0 0 0 0 2 0 0 0
1463758574 462 7 0 9 6 9 0 0 0 0 0 0 0 0 0 0 2 0 0 0
1463758589 462 7 0 10 6 9 0 0 0 0 0 0 0 0 0 0 2 0 0 0
1463758886 463 7 0 10 6 9 0 0 0 0 0 0 0 0 0 0 2 0 0 0
1463758978 464 7 0 10 6 9 0 0 0 0 0 0 0 0 0 0 2 0 0 0
1463759211 465 7 0 10 6 9 0 0 0 0 0 0 0 0 0 0 2 0 0 0
1464035458 465 7 0 10 6 9 0 0 0 0 0 0 0 0 0 0 2 0 0 0
1464035568 465 8 0 10 6 9 0 0 0 0 0 0 0 0 0 0 2 0 0 0
1464041374 466 8 0 10 6 9 0 0 0 0 0 0 0 0 0 0 2 0 0 0
1464044566 467 8 0 10 6 9 0 0 0 0 0 0 0 0 0 0 2 0 0 0
1464044582 468 8 0 10 6 9 0 0 0 0 0 0 0 0 0 0 2 0 0 0
1464064038 469 8 0 10 6 9 0 0 0 0 0 0 0 0 0 0 2 0 0 0
1464110239 470 8 0 10 6 9 0 0 0 0 0 0 0 0 0 0 2 0 0 0
1464111123 470 8 0 10 6 9 0 0 0 0 0 0 0 0 0 0 2 0 0 0
1464113530 471 8 0 10 6 9 0 0 0 0 0 0 0 0 0 0 2 0 0 0
1464127930 472 8 0 10 6 9 0 0 0 0 0 0 0 0 0 0 2 0 0 0
1464128897 473 8 0 10 6 9 0 0 0 0 0 0 0 0 0 0 2 0 0 0
1464132298 474 8 0 10 6 9 0 0 0 0 0 0 0 0 0 0 2 0 0 0
1464134038 475 8 0 10 6 9 0 0 0 0 0 0 0 0 0 0 2 0 0 0
1464136866 476 8 0 10 6 9 0 0 0 0 0 0 0 0 0 0 2 0 0 0
1464137461 477 8 0 10 6 9 0 0 0 0 0 0 0 0 0 0 2 0 0 0
1464137579 478 9 0 10 6 9 0 0 0 0 0 0 0 0 0 0 2 0 0 0
1464158592 478 10 0 10 6 9 0 0 0 0 0 0 0 0 0 0 2 0 0 0
1464159000 478 11 0 10 6 9 0 0 0 0 0 0 0 0 0 0 2 0 0 0
1464206602 479 11 0 10 6 9 0 0 0 0 0 0 0 0 0 0 2 0 0 0
1464215285 480 11 0 10 6 9 0 0 0 0 0 0 0 0 0 0 2 0 0 0
1464273109 480 12 0 10 6 9 0 0 0 0 0 0 0 0 0 0 2 0 0 0
1464277189 481 12 0 10 6 9 0 0 0 0 0 0 0 0 0 0 2 0 0 0
1464281865 482 12 0 10 6 9 0 0 0 0 0 0 0 0 0 0 2 0 0 0
1464283385 483 12 0 10 6 9 0 0 0 0 0 0 0 0 0 0 2 0 0 0
1464285277 484 12 0 10 6 9 0 0 0 0 0 0 0 0 0 0 2 0 0 0
1464285490 485 13 0 10 6 9 0 0 0 0 0 0 0 0 0 0 2 0 0 0
1464300620 486 13 0 10 6 9 0 0 0 0 0 0 0 0 0 0 2 0 0 0
1464300716 486 13 0 10 6 9 0 0 0 0 0 0 0 0 0 0 2 0 0 0
1464301000 487 13 0 10 6 9 0 0 0 0 0 0 0 0 0 0 2 0 0 0
1464301342 488 13 0 10 6 9 0 0 0 0 0 0 0 0 0 0 2 0 0 0
1464304064 489 13 0 10 6 9 0 0 0 0 0 0 0 0 0 0 2 0 0 0
1464306393 490 13 0 10 6 9 0 0 0 0 0 0 0 0 0 0 2 0 0 0
1464307907 491 13 0 10 6 9 0 0 0 0 0 0 0 0 0 0 2 0 0 0
1464309694 492 13 0 10 6 9 0 0 0 0 0 0 0 0 0 0 2 0 0 0
1464310043 493 13 0 10 6 9 0 0 0 0 0 0 0 0 0 0 2 0 0 0
1464321094 494 13 0 10 6 9 0 0 0 0 0 0 0 0 0 0 2 0 0 0
1464321246 495 13 0 10 6 9 0 0 0 0 0 0 0 0 0 0 2 0 0 0
1464383663 496 13 0 10 6 9 0 0 0 0 0 0 0 0 0 0 2 0 0 0
1464387386 497 13 0 10 6 9 0 0 0 0 0 0 0 0 0 0 2 0 0 0
1464390974 498 13 0 10 6 9 0 0 0 0 0 0 0 0 0 0 2 0 0 0
1464391023 498 14 0 10 6 9 0 0 0 0 0 0 0 0 0 0 2 0 0 0
1464391077 498 15 0 10 6 9 0 0 0 0 0 0 0 0 0 0 2 0 0 0
1464393612 499 15 0 10 6 9 0 0 0 0 0 0 0 0 0 0 2 0 0 0
1464397542 499 16 0 10 6 9 0 0 0 0 0 0 0 0 0 0 2 0 0 0
1464399486 500 16 0 10 6 9 0 0 0 0 0 0 0 0 0 0 2 0 0 0
1464481039 501 16 0 10 6 9 0 0 0 0 0 0 0 0 0 0 2 0 0 0
1464483953 502 16 0 10 6 9 0 0 0 0 0 0 0 0 0 0 2 0 0 0
1464484135 503 16 0 10 6 9 0 0 0 0 0 0 0 0 0 0 2 0 0 0
1464484141 504 16 0 10 6 9 0 0 0 0 0 0 0 0 0 0 2 0 0 0
1464484477 505 16 0 10 6 9 0 0 0 0 0 0 0 0 0 0 2 0 0 0
1464485345 506 16 0 10 6 9 0 0 0 0 0 0 0 0 0 0 2 0 0 0
1464485999 507 16 0 10 6 9 0 0 0 0 0 0 0 0 0 0 2 0 0 0
1464541365 508 16 0 10 6 9 0 0 0 0 0 0 0 0 0 0 2 0 0 0
1464542469 509 16 0 10 6 9 0 0 0 0 0 0 0 0 0 0 2 0 0 0
1464543347 510 16 0 10 6 9 0 0 0 0 0 0 0 0 0 0 2 0 0 0
1464544530 511 16 0 10 6 9 0 0 0 0 0 0 0 0 0 0 2 0 0 0
1464544903 512 16 0 10 6 9 0 0 0 0 0 0 0 0 0 0 2 0 0 0
1464546483 513 16 0 10 6 9 0 0 0 0 0 0 0 0 0 0 2 0 0 0
1464547188 514 16 0 10 6 9 0 0 0 0 0 0 0 0 0 0 2 0 0 0
1464548523 515 16 0 10 6 9 0 0 0 0 0 0 0 0 0 0 2 0 0 0
1464554461 516 16 0 10 6 9 0 0 0 0 0 0 0 0 0 0 2 0 0 0
1464647842 517 16 0 10 6 9 0 0 0 0 0 0 0 0 0 0 2 0 0 0
1464708101 518 16 0 10 6 9 0 0 0 0 0 0 0 0 0 0 2 0 0 0
1464715889 519 16 0 10 6 9 0 0 0 0 0 0 0 0 0 0 2 0 0 0
1464716000 520 16 0 10 6 9 0 0 0 0 0 0 0 0 0 0 2 0 0 0
1464716768 521 16 0 10 6 9 0 0 0 0 0 0 0 0 0 0 2 0 0 0
1464717342 522 16 0 10 6 9 0 0 0 0 0 0 0 0 0 0 2 0 0 0
1464722101 523 16 0 10 6 9 0 0 0 0 0 0 0 0 0 0 2 0 0 0
1464722815 524 16 0 10 6 9 0 0 0 0 0 0 0 0 0 0 2 0 0 0
1464736197 525 16 0 10 6 9 0 0 0 0 0 0 0 0 0 0 2 0 0 0
1464741366 526 16 0 10 6 9 0 0 0 0 0 0 0 0 0 0 2 0 0 0
1464742513 527 16 0 10 6 9 0 0 0 0 0 0 0 0 0 0 2 0 0 0
1464745353 528 16 0 10 6 9 0 0 0 0 0 0 0 0 0 0 2 0 0 0
1464748916 529 16 0 10 6 9 0 0 0 0 0 0 0 0 0 0 2 0 0 0
1464794257 530 16 0 10 6 9 0 0 0 0 0 0 0 0 0 0 2 0 0 0
1464794356 531 16 0 10 6 9 0 0 0 0 0 0 0 0 0 0 2 0 0 0
1464806991 532 16 0 10 6 9 0 0 0 0 0 0 0 0 0 0 2 0 0 0
1464807775 533 16 0 10 6 9 0 0 0 0 0 0 0 0 0 0 2 0 0 0
1464807789 534 16 0 10 6 9 0 0 0 0 0 0 0 0 0 0 2 0 0 0
1464809086 535 16 0 10 6 9 0 0 0 0 0 0 0 0 0 0 2 0 0 0
1464811013 536 16 0 10 6 9 0 0 0 0 0 0 0 0 0 0 2 0 0 0
1464814587 537 16 0 10 6 9 0 0 0 0 0 0 0 0 0 0 2 0 0 0
1464815424 538 16 0 10 6 9 0 0 0 0 0 0 0 0 0 0 2 0 0 0
1464815642 539 16 0 10 6 9 0 0 0 0 0 0 0 0 0 0 2 0 0 0
1464815725 540 16 0 10 6 9 0 0 0 0 0 0 0 0 0 0 2 0 0 0
1464819613 541 16 0 10 6 9 0 0 0 0 0 0 0 0 0 0 2 0 0 0
1464821553 542 16 0 10 6 9 0 0 0 0 0 0 0 0 0 0 2 0 0 0
1464822211 543 16 0 10 6 9 0 0 0 0 0 0 0 0 0 0 2 0 0 0
1464825162 544 16 0 10 6 9 0 0 0 0 0 0 0 0 0 0 2 0 0 0
1464825759 545 16 0 10 6 9 0 0 0 0 0 0 0 0 0 0 2 0 0 0
1464832200 546 16 0 10 6 9 0 0 0 0 0 0 0 0 0 0 2 0 0 0
1464886576 546 16 0 10 6 9 0 0 0 0 0 0 0 0 0 1 2 0 0 0
1464889289 547 16 0 10 6 9 0 0 0 0 0 0 0 0 0 1 2 0 0 0
1464890080 548 16 0 10 6 9 0 0 0 0 0 0 0 0 0 1 2 0 0 0
1464892074 549 16 0 10 6 9 0 0 0 0 0 0 0 0 0 1 2 0 0 0
1464893618 550 16 0 10 6 9 0 0 0 0 0 0 0 0 0 1 2 0 0 0
1464895282 551 16 0 10 6 9 0 0 0 0 0 0 0 0 0 1 2 0 0 0
1464898681 552 16 0 10 6 9 0 0 0 0 0 0 0 0 0 1 2 0 0 0
1464905912 553 16 0 10 6 9 0 0 0 0 0 0 0 0 0 1 2 0 0 0
1464905925 554 16 0 10 6 9 0 0 0 0 0 0 0 0 0 1 2 0 0 0
1464920994 555 16 0 10 6 9 0 0 0 0 0 0 0 0 0 1 2 0 0 0
1464929660 556 16 0 10 6 9 0 0 0 0 0 0 0 0 0 1 2 0 0 0
1464981294 557 16 0 10 6 9 0 0 0 0 0 0 0 0 0 1 2 0 0 0
1464981503 558 16 0 10 6 9 0 0 0 0 0 0 0 0 0 1 2 0 0 0
1464996765 559 16 0 10 6 9 0 0 0 0 0 0 0 0 0 1 2 0 0 0
1464997595 560 16 0 10 6 9 0 0 0 0 0 0 0 0 0 1 2 0 0 0
1465050060 560 16 0 10 6 9 0 0 1 0 0 0 0 0 0 1 2 0 0 0
1465051967 561 17 0 10 6 9 0 0 1 0 0 0 0 0 0 1 2 0 0 0
1465080201 562 17 0 10 6 9 0 0 1 0 0 0 0 0 0 1 2 0 0 0
1465081286 563 17 0 10 6 9 0 0 1 0 0 0 0 0 0 1 2 0 0 0
1465154805 564 17 0 10 6 9 0 0 1 0 0 0 0 0 0 1 2 0 0 0
1465157691 565 17 0 10 6 9 0 0 1 0 0 0 0 0 0 1 2 0 0 0
1465179299 566 17 0 10 6 9 0 0 1 0 0 0 0 0 0 1 2 0 0 0
1465185854 567 17 0 10 6 9 0 0 1 0 0 0 0 0 0 1 2 0 0 0
1465188449 568 17 0 10 6 9 0 0 1 0 0 0 0 0 0 1 2 0 0 0
1465190427 569 17 0 10 6 9 0 0 1 0 0 0 0 0 0 1 2 0 0 0
1465190650 570 17 0 10 6 9 0 0 1 0 0 0 0 0 0 1 2 0 0 0
1465236921 571 17 0 10 6 9 0 0 1 0 0 0 0 0 0 1 2 0 0 0
1465238703 572 17 0 10 6 9 0 0 1 0 0 0 0 0 0 1 2 0 0 0
1465338814 573 17 0 10 6 9 0 0 1 0 0 0 0 0 0 1 2 0 0 0
1465349760 574 17 0 10 6 9 0 0 1 0 0 0 0 0 0 1 2 0 0 0
1465350823 575 17 0 10 6 9 0 0 1 0 0 0 0 0 0 1 2 0 0 0
1465350988 576 17 0 10 6 9 0 0 1 0 0 0 0 0 0 1 2 0 0 0
1465399696 577 17 0 10 6 9 0 0 1 0 0 0 0 0 0 1 2 0 0 0
1465402559 578 17 0 10 6 9 0 0 1 0 0 0 0 0 0 1 2 0 0 0
1465402755 579 17 0 10 6 9 0 0 1 0 0 0 0 0 0 1 2 0 0 0
1465402769 580 17 0 10 6 9 0 0 1 0 0 0 0 0 0 1 2 0 0 0
1465404808 581 17 0 10 6 9 0 0 1 0 0 0 0 0 0 1 2 0 0 0
1465405785 582 17 0 10 6 9 0 0 1 0 0 0 0 0 0 1 2 0 0 0
1465405823 583 17 0 10 6 9 0 0 1 0 0 0 0 0 0 1 2 0 0 0
1465406935 584 17 0 10 6 9 0 0 1 0 0 0 0 0 0 1 2 0 0 0
1465416671 585 17 0 10 6 9 0 0 1 0 0 0 0 0 0 1 2 0 0 0
1465417371 586 17 0 10 6 9 0 0 1 0 0 0 0 0 0 1 2 0 0 0
1465418161 587 17 0 10 6 9 0 0 1 0 0 0 0 0 0 1 2 0 0 0
1465421613 588 17 0 10 6 9 0 0 1 0 0 0 0 0 0 1 2 0 0 0
1465421622 589 17 0 10 6 9 0 0 1 0 0 0 0 0 0 1 2 0 0 0
1465424775 590 17 0 10 6 9 0 0 1 0 0 0 0 0 0 1 2 0 0 0
1465513216 591 17 0 10 6 9 0 0 1 0 0 0 0 0 0 1 2 0 0 0
1465573102 592 17 0 10 6 9 0 0 1 0 0 0 0 0 0 1 2 0 0 0
1465574001 593 17 0 10 6 9 0 0 1 0 0 0 0 0 0 1 2 0 0 0
1465579144 594 17 0 10 6 9 0 0 1 0 0 0 0 0 0 1 2 0 0 0
1465580293 595 17 0 10 6 9 0 0 1 0 0 0 0 0 0 1 2 0 0 0
1465592098 596 17 0 10 6 9 0 0 1 0 0 0 0 0 0 1 2 0 0 0
1465592262 597 17 0 10 6 9 0 0 1 0 0 0 0 0 0 1 2 0 0 0
1465593237 598 17 0 10 6 9 0 0 1 0 0 0 0 0 0 1 2 0 0 0
1465596898 599 17 0 10 6 9 0 0 1 0 0 0 0 0 0 1 2 0 0 0
1465597248 600 17 0 10 6 9 0 0 1 0 0 0 0 0 0 1 2 0 0 0
1465597260 601 17 0 10 6 9 0 0 1 0 0 0 0 0 0 1 2 0 0 0
1465597608 602 17 0 10 6 9 0 0 1 0 0 0 0 0 0 1 2 0 0 0
1465597638 602 17 0 10 6 9 0 0 1 0 0 0 0 0 0 1 2 0 0 0
1465599736 603 17 0 10 6 9 0 0 1 0 0 0 0 0 0 1 2 0 0 0
1465601012 605 17 0 10 6 9 0 0 1 0 0 0 0 0 0 1 2 0 0 0
1465601492 606 17 0 10 6 9 0 0 1 0 0 0 0 0 0 1 2 0 0 0
1465601938 607 17 0 10 6 9 0 0 1 0 0 0 0 0 0 1 2 0 0 0
1465748754 607 17 0 10 6 9 0 0 1 0 0 0 0 0 0 1 2 0 0 0
1465837009 608 17 0 10 6 9 0 0 1 0 0 0 0 0 0 1 2 0 0 0
1465840072 609 17 0 10 6 9 0 0 1 0 0 0 0 0 0 1 2 0 0 0
1465840973 610 17 0 10 6 9 0 0 1 0 0 0 0 0 0 1 2 0 0 0
1465844153 611 17 0 10 6 9 0 0 1 0 0 0 0 0 0 1 2 0 0 0
1465854682 612 17 0 10 6 9 0 0 1 0 0 0 0 0 0 1 2 0 0 0
1465855272 613 17 0 10 6 9 0 0 1 0 0 0 0 0 0 1 2 0 0 0
1465856073 614 17 0 10 6 9 0 0 1 0 0 0 0 0 0 1 2 0 0 0
1465856084 615 17 0 10 6 9 0 0 1 0 0 0 0 0 0 1 2 0 0 0
1465856360 616 17 0 10 6 9 0 0 1 0 0 0 0 0 0 1 2 0 0 0
1465858596 617 17 0 10 6 9 0 0 1 0 0 0 0 0 0 1 2 0 0 0
1465859767 617 17 0 10 6 9 0 0 1 0 0 0 0 0 0 1 2 0 0 0
1465860361 618 17 0 10 6 9 0 0 1 0 0 0 0 0 0 1 2 0 0 0
1465861006 619 17 0 10 6 9 0 0 1 0 0 0 0 0 0 1 2 0 0 0
1465861007 620 17 0 10 6 9 0 0 1 0 0 0 0 0 0 1 2 0 0 0
1465925431 621 17 0 10 6 9 0 0 1 0 0 0 0 0 0 1 2 0 0 0
1465928141 622 17 0 10 6 9 0 0 1 0 0 0 0 0 0 1 2 0 0 0
1465929945 623 17 0 10 6 9 0 0 1 0 0 0 0 0 0 1 2 0 0 0
1466001032 624 17 0 10 6 9 0 0 1 0 0 0 0 0 0 1 2 0 0 0
1466001640 625 17 0 10 6 9 0 0 1 0 0 0 0 0 0 1 2 0 0 0
1466004703 626 17 0 10 6 9 0 0 1 0 0 0 0 0 0 1 2 0 0 0
1466011992 627 17 0 10 6 9 0 0 1 0 0 0 0 0 0 1 2 0 0 0
1466014602 628 17 0 10 6 9 0 0 1 0 0 0 0 0 0 1 2 0 0 0
1466014960 630 17 0 10 6 9 0 0 1 0 0 0 0 0 0 1 2 0 0 0
1466095271 631 17 0 10 6 9 0 0 1 0 0 0 0 0 0 1 2 0 0 0
1466096120 632 17 0 10 6 9 0 0 1 0 0 0 0 0 0 1 2 0 0 0
1466096455 634 17 0 10 6 9 0 0 1 0 0 0 0 0 0 1 2 0 0 0
1466096570 635 17 0 10 6 9 0 0 1 0 0 0 0 0 0 1 2 0 0 0
1466100650 636 17 0 10 6 9 0 0 1 0 0 0 0 0 0 1 2 0 0 0
1466113591 637 17 0 10 6 9 0 0 1 0 0 0 0 0 0 1 2 0 0 0
1466177362 638 17 0 10 6 9 0 0 1 0 0 0 0 0 0 1 2 0 0 0
1466184064 639 17 0 10 6 9 0 0 1 0 0 0 0 0 0 1 2 0 0 0
1466184334 640 17 0 10 6 9 0 0 1 0 0 0 0 0 0 1 2 0 0 0
1466186599 641 17 0 10 6 9 0 0 1 0 0 0 0 0 0 1 2 0 0 0
1466187069 642 17 0 10 6 9 0 0 1 0 0 0 0 0 0 1 2 0 0 0
1466187771 644 17 0 10 6 9 0 0 1 0 0 0 0 0 0 1 2 0 0 0
1466189343 645 17 0 10 6 9 0 0 1 0 0 0 0 0 0 1 2 0 0 0
1466192159 646 17 0 10 6 9 0 0 1 0 0 0 0 0 0 1 2 0 0 0
1466262524 646 18 0 10 6 9 0 0 1 0 0 0 0 0 0 1 2 0 0 0
1466486604 647 18 0 10 6 9 0 0 1 0 0 0 0 0 0 1 2 0 0 0
1466486822 648 18 0 10 6 9 0 0 1 0 0 0 0 0 0 1 2 0 0 0
1466489805 649 18 0 10 6 9 0 0 1 0 0 0 0 0 0 1 2 0 0 0
1466489940 650 18 0 10 6 9 0 0 1 0 0 0 0 0 0 1 2 0 0 0
1466491438 651 18 0 10 6 9 0 0 1 0 0 0 0 0 0 1 2 0 0 0
1466492629 652 18 0 10 6 9 0 0 1 0 0 0 0 0 0 1 2 0 0 0
1466603435 653 18 0 10 6 9 0 0 1 0 0 0 0 0 0 1 2 0 0 0
1466605769 654 18 0 10 6 9 0 0 1 0 0 0 0 0 0 1 2 0 0 0
1466606273 655 18 0 10 6 9 0 0 1 0 0 0 0 0 0 1 2 0 0 0
1466606376 656 18 0 10 6 9 0 0 1 0 0 0 0 0 0 1 2 0 0 0
1466608236 657 18 0 10 6 9 0 0 1 0 0 0 0 0 0 1 2 0 0 0
1466609733 658 18 0 10 6 9 0 0 1 0 0 0 0 0 0 1 2 0 0 0
1466609980 659 18 0 10 6 9 0 0 1 0 0 0 0 0 0 1 2 0 0 0
1466610090 660 18 0 10 6 9 0 0 1 0 0 0 0 0 0 1 2 0 0 0
1466616521 661 18 0 10 6 9 0 0 1 0 0 0 0 0 0 1 2 0 0 0
1466619536 662 18 0 10 6 9 0 0 1 0 0 0 0 0 0 1 2 0 0 0
1466623697 663 18 0 10 6 9 0 0 1 0 0 0 0 0 0 1 2 0 0 0
1466624033 664 18 0 10 6 9 0 0 1 0 0 0 0 0 0 1 2 0 0 0
1466624034 665 18 0 10 6 9 0 0 1 0 0 0 0 0 0 1 2 0 0 0
1466646232 666 18 0 10 6 9 0 0 1 0 0 0 0 0 0 1 2 0 0 0
1466647271 667 18 0 10 6 9 0 0 1 0 0 0 0 0 0 1 2 0 0 0
1466647302 667 19 0 10 6 9 0 0 1 0 0 0 0 0 0 1 2 0 0 0
1466649838 668 19 0 10 6 9 0 0 1 0 0 0 0 0 0 1 2 0 0 0
1466782997 669 19 0 10 6 9 0 0 1 0 0 0 0 0 0 1 2 0 0 0
1466819826 670 19 0 10 6 9 0 0 1 0 0 0 0 0 0 1 2 0 0 0
1466819860 671 19 0 10 6 9 0 0 1 0 0 0 0 0 0 1 2 0 0 0
1466826830 672 19 0 10 6 9 0 0 1 0 0 0 0 0 0 1 2 0 0 0
1466827539 673 19 0 10 6 9 0 0 1 0 0 0 0 0 0 1 2 0 0 0
1466828330 674 19 0 10 6 9 0 0 1 0 0 0 0 0 0 1 2 0 0 0
1466856856 675 19 0 10 6 9 0 0 1 0 0 0 0 0 0 1 2 0 0 0
1466861491 676 19 0 10 6 9 0 0 1 0 0 0 0 0 0 1 2 0 0 0
1466865799 677 19 0 10 6 9 0 0 1 0 0 0 0 0 0 1 2 0 0 0
1466909943 678 19 0 10 6 9 0 0 1 0 0 0 0 0 0 1 2 0 0 0
1466911088 679 19 0 10 6 9 0 0 1 0 0 0 0 0 0 1 2 0 0 0
1466916838 680 19 0 10 6 9 0 0 1 0 0 0 0 0 0 1 2 0 0 0
1466956214 681 19 0 10 6 9 0 0 1 0 0 0 0 0 0 1 2 0 0 0
1466958319 682 19 0 10 6 9 0 0 1 0 0 0 0 0 0 1 2 0 0 0
1466962632 683 19 0 10 6 9 0 0 1 0 0 0 0 0 0 1 2 0 0 0
1466964339 684 19 0 10 6 9 0 0 1 0 0 0 0 0 0 1 2 0 0 0
1466966973 685 19 0 10 6 9 0 0 1 0 0 0 0 0 0 1 2 0 0 0
1466985819 686 19 0 10 6 9 0 0 1 0 0 0 0 0 0 1 2 0 0 0
1467040686 687 19 0 10 6 9 0 0 1 0 0 0 0 0 0 1 2 0 0 0
1467044702 688 19 0 10 6 9 0 0 1 0 0 0 0 0 0 1 2 0 0 0
1467044999 689 19 0 10 6 9 0 0 1 0 0 0 0 0 0 1 2 0 0 0
1467046392 690 19 0 10 6 9 0 0 1 0 0 0 0 0 0 1 2 0 0 0
1467050534 691 19 0 10 6 9 0 0 1 0 0 0 0 0 0 1 2 0 0 0
1467051493 692 19 0 10 6 9 0 0 1 0 0 0 0 0 0 1 2 0 0 0
1467054700 693 19 0 10 6 9 0 0 1 0 0 0 0 0 0 1 2 0 0 0
1467061864 694 19 0 10 6 9 0 0 1 0 0 0 0 0 0 1 2 0 0 0
1467062389 695 19 0 10 6 9 0 0 1 0 0 0 0 0 0 1 2 0 0 0
1467070119 696 19 0 10 6 9 0 0 1 0 0 0 0 0 0 1 2 0 0 0
1467080281 697 19 0 10 6 9 0 0 1 0 0 0 0 0 0 1 2 0 0 0
1467080293 698 19 0 10 6 9 0 0 1 0 0 0 0 0 0 1 2 0 0 0
1467080712 699 19 0 10 6 9 0 0 1 0 0 0 0 0 0 1 2 0 0 0
1467080713 700 19 0 10 6 9 0 0 1 0 0 0 0 0 0 1 2 0 0 0
1467081644 701 19 0 10 6 9 0 0 1 0 0 0 0 0 0 1 2 0 0 0
1467085777 702 19 0 10 6 9 0 0 1 0 0 0 0 0 0 1 2 0 0 0
1467090619 703 19 0 10 6 9 0 0 1 0 0 0 0 0 0 1 2 0 0 0
1467094742 704 19 0 10 6 9 0 0 1 0 0 0 0 0 0 1 2 0 0 0
1467096507 705 19 0 10 6 9 0 0 1 0 0 0 0 0 0 1 2 0 0 0
1467100832 706 19 0 10 6 9 0 0 1 0 0 0 0 0 0 1 2 0 0 0
1467101563 707 19 0 10 6 9 0 0 1 0 0 0 0 0 0 1 2 0 0 0
1467103938 708 19 0 10 6 9 0 0 1 0 0 0 0 0 0 1 2 0 0 0
1467104590 709 19 0 10 6 9 0 0 1 0 0 0 0 0 0 1 2 0 0 0
1467104591 710 19 0 10 6 9 0 0 1 0 0 0 0 0 0 1 2 0 0 0
1467107101 711 19 0 10 6 9 0 0 1 0 0 0 0 0 0 1 2 0 0 0
1467150104 712 19 0 10 6 9 0 0 1 0 0 0 0 0 0 1 2 0 0 0
1467216217 713 19 0 10 6 9 0 0 1 0 0 0 0 0 0 1 2 0 0 0
1467217528 714 19 0 10 6 9 0 0 1 0 0 0 0 0 0 1 2 0 0 0
1467233101 715 19 0 10 6 9 0 0 1 0 0 0 0 0 0 1 2 0 0 0
1467233421 716 19 0 10 6 9 0 0 1 0 0 0 0 0 0 1 2 0 0 0
1467233462 717 19 0 10 6 9 0 0 1 0 0 0 0 0 0 1 2 0 0 0
1467250322 718 19 0 10 6 9 0 0 1 0 0 0 0 0 0 1 2 0 0 0
1467250651 719 19 0 10 6 9 0 0 1 0 0 0 0 0 0 1 2 0 0 0
1467298897 719 20 0 10 6 9 0 0 1 0 0 0 0 0 0 1 2 0 0 0
1467301715 720 20 0 10 6 9 0 0 1 0 0 0 0 0 0 1 2 0 0 0
1467314392 721 20 0 10 6 9 0 0 1 0 0 0 0 0 0 1 2 0 0 0
1467314398 722 20 0 10 6 9 0 0 1 0 0 0 0 0 0 1 2 0 0 0
1467471791 723 21 0 10 6 9 0 0 1 0 0 0 0 0 0 1 2 0 0 0
1467566261 724 21 0 10 6 9 0 0 1 0 0 0 0 0 0 1 2 0 0 0
1467571874 725 21 0 10 6 9 0 0 1 0 0 0 0 0 0 1 2 0 0 0
1467572628 726 21 0 10 6 9 0 0 1 0 0 0 0 0 0 1 2 0 0 0
1467742753 727 21 0 10 6 9 0 0 1 0 0 0 0 0 0 1 2 0 0 0
1467744641 728 21 0 10 6 9 0 0 1 0 0 0 0 0 0 1 2 0 0 0
1467746539 729 21 0 10 6 9 0 0 1 0 0 0 0 0 0 1 2 0 0 0
1467823808 730 21 0 10 6 9 0 0 1 0 0 0 0 0 0 1 2 0 0 0
1467825158 731 21 0 10 6 9 0 0 1 0 0 0 0 0 0 1 2 0 0 0
1467835741 732 21 0 10 6 9 0 0 1 0 0 0 0 0 0 1 2 0 0 0
1467839266 733 21 0 10 6 9 0 0 1 0 0 0 0 0 0 1 2 0 0 0
1467844551 734 21 0 10 6 9 0 0 1 0 0 0 0 0 0 1 2 0 0 0
1467846479 735 21 0 10 6 9 0 0 1 0 0 0 0 0 0 1 2 0 0 0
1467847571 736 21 0 10 6 9 0 0 1 0 0 0 0 0 0 1 2 0 0 0
1467847624 737 21 0 10 6 9 0 0 1 0 0 0 0 0 0 1 2 0 0 0
1467847877 738 21 0 10 6 9 0 0 1 0 0 0 0 0 0 1 2 0 0 0
1467857942 739 21 0 10 6 9 0 0 1 0 0 0 0 0 0 1 2 0 0 0
1467912754 740 21 0 10 6 9 0 0 1 0 0 0 0 0 0 1 2 0 0 0
1467913078 741 21 0 10 6 9 0 0 1 0 0 0 0 0 0 1 2 0 0 0
1467913192 742 21 0 10 6 9 0 0 1 0 0 0 0 0 0 1 2 0 0 0
1467919842 743 21 0 10 6 9 0 0 1 0 0 0 0 0 0 1 2 0 0 0
1467922166 744 21 0 10 6 9 0 0 1 0 0 0 0 0 0 1 2 0 0 0
1467923724 745 21 0 10 6 9 0 0 1 0 0 0 0 0 0 1 2 0 0 0
1467925228 746 21 0 10 6 9 0 0 1 0 0 0 0 0 0 1 2 0 0 0
1467927408 747 21 0 10 6 9 0 0 1 0 0 0 0 0 0 1 2 0 0 0
1467928402 749 21 0 10 6 9 0 0 1 0 0 0 0 0 0 1 2 0 0 0
1467988613 750 21 0 10 6 9 0 0 1 0 0 0 0 0 0 1 2 0 0 0
1467998453 751 21 0 10 6 9 0 0 1 0 0 0 0 0 0 1 2 0 0 0
1468015772 752 21 0 10 6 9 0 0 1 0 0 0 0 0 0 1 2 0 0 0
1468072276 752 21 0 10 6 9 0 0 1 0 0 0 0 0 0 1 2 0 0 0
1468092148 753 21 0 10 6 9 0 0 1 0 0 0 0 0 0 1 2 0 0 0
1468119564 754 21 0 10 6 9 0 0 1 0 0 0 0 0 0 1 2 0 0 0
1468120483 755 21 0 10 6 9 0 0 1 0 0 0 0 0 0 1 2 0 0 0
1468128272 756 21 0 10 6 9 0 0 1 0 0 0 0 0 0 1 2 0 0 0
1468163119 757 21 0 10 6 9 0 0 1 0 0 0 0 0 0 1 2 0 0 0
1468163662 758 21 0 10 6 9 0 0 1 0 0 0 0 0 0 1 2 0 0 0
1468166710 759 21 0 10 6 9 0 0 1 0 0 0 0 0 0 1 2 0 0 0
1468184803 760 21 0 10 6 9 0 0 1 0 0 0 0 0 0 1 2 0 0 0
1468255406 761 21 0 10 6 9 0 0 1 0 0 0 0 0 0 1 2 0 0 0
1468283670 762 21 0 10 6 9 0 0 1 0 0 0 0 0 0 1 2 0 0 0
1468299319 763 21 0 10 6 9 0 0 1 0 0 0 0 0 0 1 2 0 0 0
1468300592 764 21 0 10 6 9 0 0 1 0 0 0 0 0 0 1 2 0 0 0
1468306724 765 21 0 10 6 9 0 0 1 0 0 0 0 0 0 1 2 0 0 0
1468306745 766 21 0 10 6 9 0 0 1 0 0 0 0 0 0 1 2 0 0 0
1468355524 767 21 0 10 6 9 0 0 1 0 0 0 0 0 0 1 2 0 0 0
1468424330 779 21 0 10 6 9 0 0 1 0 0 0 0 0 0 1 2 0 0 0
1468426895 780 21 0 10 6 9 0 0 1 0 0 0 0 0 0 1 2 0 0 0
1468426907 781 21 0 10 6 9 0 0 1 0 0 0 0 0 0 1 2 0 0 0
1468427766 782 21 0 10 6 9 0 0 1 0 0 0 0 0 0 1 2 0 0 0
1468430037 783 21 0 10 6 9 0 0 1 0 0 0 0 0 0 1 2 0 0 0
1468431192 784 21 0 10 6 9 0 0 1 0 0 0 0 0 0 1 2 0 0 0
1468432305 785 21 0 10 6 9 0 0 1 0 0 0 0 0 0 1 2 0 0 0
1468433664 786 21 0 10 6 9 0 0 1 0 0 0 0 0 0 1 2 0 0 0
1468434426 787 21 0 10 6 9 0 0 1 0 0 0 0 0 0 1 2 0 0 0
1468434582 788 21 0 10 6 9 0 0 1 0 0 0 0 0 0 1 2 0 0 0
1468443248 789 21 0 10 6 9 0 0 1 0 0 0 0 0 0 1 2 0 0 0
1468449195 790 21 0 10 6 9 0 0 1 0 0 0 0 0 0 1 2 0 0 0
1468449302 791 21 0 10 6 9 0 0 1 0 0 0 0 0 0 1 2 0 0 0
1468460949 792 21 0 10 6 9 0 0 1 0 0 0 0 0 0 1 2 0 0 0
1468507992 793 21 0 10 6 9 0 0 1 0 0 0 0 0 0 1 2 0 0 0
1468508350 794 21 0 10 6 9 0 0 1 0 0 0 0 0 0 1 2 0 0 0
1468508782 795 21 0 10 6 9 0 0 1 0 0 0 0 0 0 1 2 0 0 0
1468513218 796 21 0 10 6 9 0 0 1 0 0 0 0 0 0 1 2 0 0 0
1468513591 797 21 0 10 6 9 0 0 1 0 0 0 0 0 0 1 2 0 0 0
1468521390 798 21 0 10 6 9 0 0 1 0 0 0 0 0 0 1 2 0 0 0
1468521911 799 21 0 10 6 9 0 0 1 0 0 0 0 0 0 1 2 0 0 0
1468533085 800 21 0 10 6 9 0 0 1 0 0 0 0 0 0 1 2 0 0 0
1468534770 801 21 0 10 6 9 0 0 1 0 0 0 0 0 0 1 2 0 0 0
1468535211 802 21 0 10 6 9 0 0 1 0 0 0 0 0 0 1 2 0 0 0
1468535601 803 21 0 10 6 9 0 0 1 0 0 0 0 0 0 1 2 0 0 0
1468537818 804 21 0 10 6 9 0 0 1 0 0 0 0 0 0 1 2 0 0 0
1468538894 805 21 0 10 6 9 0 0 1 0 0 0 0 0 0 1 2 0 0 0
1468539094 806 21 0 10 6 9 0 0 1 0 0 0 0 0 0 1 2 0 0 0
1468539565 807 21 0 10 6 9 0 0 1 0 0 0 0 0 0 1 2 0 0 0
1468617773 808 21 0 10 6 9 0 0 1 0 0 0 0 0 0 1 2 0 0 0
1468619322 809 21 0 10 6 9 0 0 1 0 0 0 0 0 0 1 2 0 0 0
1468624795 810 21 0 10 6 9 0 0 1 0 0 0 0 0 0 1 2 0 0 0
1468734031 811 21 0 10 6 9 0 0 1 0 0 0 0 0 0 1 2 0 0 0
1468734824 812 21 0 10 6 9 0 0 1 0 0 0 0 0 0 1 2 0 0 0
1468734825 813 21 0 10 6 9 0 0 1 0 0 0 0 0 0 1 2 0 0 0
1468770301 814 21 0 10 6 9 0 0 1 0 0 0 0 0 0 1 2 0 0 0
1468813727 815 21 0 10 6 9 0 0 1 0 0 0 0 0 0 1 2 0 0 0
1468849107 816 21 0 10 6 9 0 0 1 0 0 0 0 0 0 1 2 0 0 0
1468947679 817 21 0 10 6 9 0 0 1 0 0 0 0 0 0 1 2 0 0 0
1468965130 818 21 0 10 6 9 0 0 1 0 0 0 0 0 0 1 2 0 0 0
1468966925 819 21 0 10 6 9 0 0 1 0 0 0 0 0 0 1 2 0 0 0
1468968132 820 21 0 10 6 9 0 0 1 0 0 0 0 0 0 1 2 0 0 0
1468968213 821 21 0 10 6 9 0 0 1 0 0 0 0 0 0 1 2 0 0 0
1468968267 822 21 0 10 6 9 0 0 1 0 0 0 0 0 0 1 2 0 0 0
1468968970 823 21 0 10 6 9 0 0 1 0 0 0 0 0 0 1 2 0 0 0
1469024053 824 21 0 10 6 9 0 0 1 0 0 0 0 0 0 1 2 0 0 0
1469051975 825 21 0 10 6 9 0 0 1 0 0 0 0 0 0 1 2 0 0 0
1469054600 826 21 0 10 6 9 0 0 1 0 0 0 0 0 0 1 2 0 0 0
1469080410 827 21 0 10 6 9 0 0 1 0 0 0 0 0 0 1 2 0 0 0
1469081271 828 21 0 10 6 9 0 0 1 0 0 0 0 0 0 1 2 0 0 0
1469081442 829 21 0 10 6 9 0 0 1 0 0 0 0 0 0 1 2 0 0 0
1469123046 830 21 0 10 6 9 0 0 1 0 0 0 0 0 0 1 2 0 0 0
1469208065 831 21 0 10 6 9 0 0 1 0 0 0 0 0 0 1 2 0 0 0
1469216010 832 21 0 10 6 9 0 0 1 0 0 0 0 0 0 1 2 0 0 0
1469216203 833 21 0 10 6 9 0 0 1 0 0 0 0 0 0 1 2 0 0 0
1469328489 834 21 0 10 6 9 0 0 1 0 0 0 0 0 0 1 2 0 0 0
1469328490 835 21 0 10 6 9 0 0 1 0 0 0 0 0 0 1 2 0 0 0
1469391181 836 21 0 10 6 9 0 0 1 0 0 0 0 0 0 1 2 0 0 0
1469398668 837 21 0 10 6 9 0 0 1 0 0 0 0 0 0 1 2 0 0 0
1469411185 838 21 0 10 6 9 0 0 1 0 0 0 0 0 0 1 2 0 0 0
1469412240 839 21 0 10 6 9 0 0 1 0 0 0 0 0 0 1 2 0 0 0
1469425206 840 21 0 10 6 9 0 0 1 0 0 0 0 0 0 1 2 0 0 0
1469496526 841 21 0 10 6 9 0 0 1 0 0 0 0 0 0 1 2 0 0 0
1469496545 842 21 0 10 6 9 0 0 1 0 0 0 0 0 0 1 2 0 0 0
1469496851 843 21 0 10 6 9 0 0 1 0 0 0 0 0 0 1 2 0 0 0
1469498846 844 21 0 10 6 9 0 0 1 0 0 0 0 0 0 1 2 0 0 0
1469498847 845 21 0 10 6 9 0 0 1 0 0 0 0 0 0 1 2 0 0 0
1469514317 846 21 0 10 6 9 0 0 1 0 0 0 0 0 0 1 2 0 0 0
1469558326 847 21 0 10 6 9 0 0 1 0 0 0 0 0 0 1 2 0 0 0
1469562580 848 21 0 10 6 9 0 0 1 0 0 0 0 0 0 1 2 0 0 0
1469586234 849 21 0 10 6 9 0 0 1 0 0 0 0 0 0 1 2 0 0 0
1469586962 850 21 0 10 6 9 0 0 1 0 0 0 0 0 0 1 2 0 0 0
1469589965 851 21 0 10 6 9 0 0 1 0 0 0 0 0 0 1 2 0 0 0
1469593541 853 21 0 10 6 9 0 0 1 0 0 0 0 0 0 1 2 0 0 0
1469646975 853 21 0 10 6 9 0 1 1 0 0 0 0 0 0 1 2 0 0 0
1469724590 854 21 0 10 6 9 0 1 1 0 0 0 0 0 0 1 2 0 0 0
1469745840 855 21 0 10 6 9 0 1 1 0 0 0 0 0 0 1 2 0 0 0
1469746189 856 21 0 10 6 9 0 1 1 0 0 0 0 0 0 1 2 0 0 0
1469752238 857 21 0 10 6 9 0 1 1 0 0 0 0 0 0 1 2 0 0 0
1469763618 857 21 0 10 6 9 1 1 1 0 0 0 0 0 0 1 2 0 0 0
1469803543 858 21 0 10 6 9 1 1 1 0 0 0 0 0 0 1 2 0 0 0
1469803569 859 21 0 10 6 9 1 1 1 0 0 0 0 0 0 1 2 0 0 0
1469830632 860 21 0 10 6 9 1 1 1 0 0 0 0 0 0 1 2 0 0 0
1469848082 861 21 0 10 6 9 1 1 1 0 0 0 0 0 0 1 2 0 0 0
1469848533 862 21 0 10 6 9 1 1 1 0 0 0 0 0 0 1 2 0 0 0
1469848652 863 21 0 10 6 9 1 1 1 0 0 0 0 0 0 1 2 0 0 0
1469848868 864 21 0 10 6 9 1 1 1 0 0 0 0 0 0 1 2 0 0 0
1469922307 865 21 0 10 6 9 1 1 1 0 0 0 0 0 0 1 2 0 0 0
1469924019 866 21 0 10 6 9 1 1 1 0 0 0 0 0 0 1 2 0 0 0
1469924197 867 21 0 10 6 9 1 1 1 0 0 0 0 0 0 1 2 0 0 0
1469924203 868 21 0 10 6 9 1 1 1 0 0 0 0 0 0 1 2 0 0 0
1469991142 869 21 0 10 6 9 1 1 1 0 0 0 0 0 0 1 2 0 0 0
1469991228 870 21 0 10 6 9 1 1 1 0 0 0 0 0 0 1 2 0 0 0
1470000662 871 21 0 10 6 9 1 1 1 0 0 0 0 0 0 1 2 0 0 0
1470000986 872 21 0 10 6 9 1 1 1 0 0 0 0 0 0 1 2 0 0 0
1470004088 873 21 0 10 6 9 1 1 1 0 0 0 0 0 0 1 2 0 0 0
1470007541 874 21 0 10 6 9 1 1 1 0 0 0 0 0 0 1 2 0 0 0
1470007820 875 21 0 10 6 9 1 1 1 0 0 0 0 0 0 1 2 0 0 0
1470073742 875 21 0 10 6 9 2 1 1 0 0 0 0 0 0 1 2 0 0 0
1470078736 876 21 0 10 6 9 2 1 1 0 0 0 0 0 0 1 2 0 0 0
1470079872 877 21 0 10 6 9 2 1 1 0 0 0 0 0 0 1 2 0 0 0
1470079873 878 21 0 10 6 9 2 1 1 0 0 0 0 0 0 1 2 0 0 0
1470187042 879 21 0 10 6 9 2 1 1 0 0 0 0 0 0 1 2 0 0 0
1470189933 880 21 0 10 6 9 2 1 1 0 0 0 0 0 0 1 2 0 0 0
1470190434 881 21 0 10 6 9 2 1 1 0 0 0 0 0 0 1 2 0 0 0
1470333016 882 21 0 10 6 9 2 1 1 0 0 0 0 0 0 1 2 0 0 0
1470337433 883 21 0 10 6 9 2 1 1 0 0 0 0 0 0 1 2 0 0 0
1470349998 884 21 0 10 6 9 2 1 1 0 0 0 0 0 0 1 2 0 0 0
1470363479 885 21 0 10 6 9 2 1 1 0 0 0 0 0 0 1 2 0 0 0
1470363613 886 21 0 10 6 9 2 1 1 0 0 0 0 0 0 1 2 0 0 0
1470363642 887 21 0 10 6 9 2 1 1 0 0 0 0 0 0 1 2 0 0 0
1470376329 888 21 0 10 6 9 2 1 1 0 0 0 0 0 0 1 2 0 0 0
1470380373 889 21 0 10 6 9 2 1 1 0 0 0 0 0 0 1 2 0 0 0
1470381040 890 21 0 10 6 9 2 1 1 0 0 0 0 0 0 1 2 0 0 0
1470381751 891 21 0 10 6 9 2 1 1 0 0 0 0 0 0 1 2 0 0 0
1470413413 892 21 0 10 6 9 2 1 1 0 0 0 0 0 0 1 2 0 0 0
1470415415 893 21 0 10 6 9 2 1 1 0 0 0 0 0 0 1 2 0 0 0
1470415737 894 21 0 10 6 9 2 1 1 0 0 0 0 0 0 1 2 0 0 0
1470417823 895 21 0 10 6 9 2 1 1 0 0 0 0 0 0 1 2 0 0 0
1470421211 896 21 0 10 6 9 2 1 1 0 0 0 0 0 0 1 2 0 0 0
1470434691 897 21 0 10 6 9 2 1 1 0 0 0 0 0 0 1 2 0 0 0
1470435262 899 21 0 10 6 9 2 1 1 0 0 0 0 0 0 1 2 0 0 0
1470493575 900 21 0 10 6 9 2 1 1 0 0 0 0 0 0 1 2 0 0 0
1470548514 901 21 0 10 6 9 2 1 1 0 0 0 0 0 0 1 2 0 0 0
1470623601 902 21 0 10 6 9 2 1 1 0 0 0 0 0 0 1 2 0 0 0
1470623751 903 21 0 10 6 9 3 1 1 0 0 0 0 0 0 1 2 0 0 0
1470693659 903 21 0 10 6 9 4 1 1 0 0 0 0 0 0 1 2 0 0 0
1470697380 904 21 0 10 6 9 4 1 1 0 0 0 0 0 0 1 2 0 0 0
1470768577 905 21 0 10 6 9 4 1 1 0 0 0 0 0 0 1 2 0 0 0
1470768796 906 21 0 10 6 9 4 1 1 0 0 0 0 0 0 1 2 0 0 0
1470774735 907 21 0 10 6 9 4 1 1 0 0 0 0 0 0 1 2 0 0 0
1470804342 908 21 0 10 6 9 4 1 1 0 0 0 0 0 0 1 2 0 0 0
1470804930 910 21 0 10 6 9 4 1 1 0 0 0 0 0 0 1 2 0 0 0
1470890140 911 21 0 10 6 9 4 1 1 0 0 0 0 0 0 1 2 0 0 0
1470890159 912 21 0 10 6 9 4 1 1 0 0 0 0 0 0 1 2 0 0 0
1470893070 913 21 0 10 6 9 4 1 1 0 0 0 0 0 0 1 2 0 0 0
1470894189 915 21 0 10 6 9 4 1 1 0 0 0 0 0 0 1 2 0 0 0
1470923324 916 21 0 10 6 9 4 1 1 0 0 0 0 0 0 1 2 0 0 0
1470923611 917 21 0 10 6 9 4 1 1 0 0 0 0 0 0 1 2 0 0 0
1470923668 918 21 0 10 6 9 4 1 1 0 0 0 0 0 0 1 2 0 0 0
1470932759 918 21 0 10 6 9 4 1 1 0 0 0 0 0 0 1 2 0 0 0
1470957196 919 21 0 10 6 9 4 1 1 0 0 0 0 0 0 1 2 0 0 0
1470957305 920 21 0 10 6 9 4 1 1 0 0 0 0 0 0 1 2 0 0 0
1470957483 921 21 0 10 6 9 4 1 1 0 0 0 0 0 0 1 2 0 0 0
1470957597 922 21 0 10 6 9 4 1 1 0 0 0 0 0 0 1 2 0 0 0
1471027563 923 21 0 10 6 9 4 1 1 0 0 0 0 0 0 1 2 0 0 0
1471027904 924 21 0 10 6 9 4 1 1 0 0 0 0 0 0 1 2 0 0 0
1471029177 925 21 0 10 6 9 4 1 1 0 0 0 0 0 0 1 2 0 0 0
1471037280 926 21 0 10 6 9 4 1 1 0 0 0 0 0 0 1 2 0 0 0
1471037601 927 21 0 10 6 9 4 1 1 0 0 0 0 0 0 1 2 0 0 0
1471211431 928 21 0 10 6 9 4 1 1 0 0 0 0 0 0 1 2 0 0 0
1471213786 929 21 0 10 6 9 4 1 1 0 0 0 0 0 0 1 2 0 0 0
1471214988 930 21 0 10 6 9 4 1 1 0 0 0 0 0 0 1 2 0 0 0
1471215510 931 21 0 10 6 9 4 1 1 0 0 0 0 0 0 1 2 0 0 0
1471227333 932 21 0 10 6 9 4 1 1 0 0 0 0 0 0 1 2 0 0 0
1471232812 933 21 0 10 6 9 4 1 1 0 0 0 0 0 0 1 2 0 0 0
1471235328 934 21 0 10 6 9 4 1 1 0 0 0 0 0 0 1 2 0 0 0
1471278895 935 21 0 10 6 9 4 1 1 0 0 0 0 0 0 1 2 0 0 0
1471278911 936 21 0 10 6 9 4 1 1 0 0 0 0 0 0 1 2 0 0 0
1471279761 937 21 0 10 6 9 4 1 1 0 0 0 0 0 0 1 2 0 0 0
1471292617 938 21 0 10 6 9 4 1 1 0 0 0 0 0 0 1 2 0 0 0
1471297621 939 21 0 10 6 9 4 1 1 0 0 0 0 0 0 1 2 0 0 0
1471316298 940 21 0 10 6 9 4 1 1 0 0 0 0 0 0 1 2 0 0 0
1471318189 941 21 0 10 6 9 4 1 1 0 0 0 0 0 0 1 2 0 0 0
1471318747 943 21 0 10 6 9 4 1 1 0 0 0 0 0 0 1 2 0 0 0
1471357658 944 21 0 10 6 9 4 1 1 0 0 0 0 0 0 1 2 0 0 0
1471358359 945 21 0 10 6 9 4 1 1 0 0 0 0 0 0 1 2 0 0 0
1471373543 946 21 0 10 6 9 4 1 1 0 0 0 0 0 0 1 2 0 0 0
1471456430 947 21 0 10 6 9 4 1 1 0 0 0 0 0 0 1 2 0 0 0
1471466445 948 21 0 10 6 9 4 1 1 0 0 0 0 0 0 1 2 0 0 0
1471533465 949 21 0 10 6 9 4 1 1 0 0 0 0 0 0 1 2 0 0 0
1471536031 950 21 0 10 6 9 4 1 1 0 0 0 0 0 0 1 2 0 0 0
1471537037 951 21 0 10 6 9 4 1 1 0 0 0 0 0 0 1 2 0 0 0
1471544573 952 21 0 10 6 9 4 1 1 0 0 0 0 0 0 1 2 0 0 0
1471544751 953 21 0 10 6 9 4 1 1 0 0 0 0 0 0 1 2 0 0 0
1471549737 954 21 0 10 6 9 4 1 1 0 0 0 0 0 0 1 2 0 0 0
1471550184 955 21 0 10 6 9 4 1 1 0 0 0 0 0 0 1 2 0 0 0
1471625475 956 21 0 10 6 9 4 1 1 0 0 0 0 0 0 1 2 0 0 0
1471634205 957 21 0 10 6 9 4 1 1 0 0 0 0 0 0 1 2 0 0 0
1471668418 958 21 0 10 6 9 4 1 1 0 0 0 0 0 0 1 2 0 0 0
1471706066 959 21 0 10 6 9 4 1 1 0 0 0 0 0 0 1 2 0 0 0
1471709493 960 21 0 10 6 9 4 1 1 0 0 0 0 0 0 1 2 0 0 0
1471712849 961 21 0 10 6 9 4 1 1 0 0 0 0 0 0 1 2 0 0 0
1471716294 963 21 0 10 6 9 4 1 1 0 0 0 0 0 0 1 2 0 0 0
1471899780 963 21 0 10 6 9 4 1 1 0 0 0 0 0 0 1 2 0 0 0
1471946481 964 21 0 10 6 9 4 1 1 0 0 0 0 0 0 1 2 0 0 0
1471962640 965 21 0 10 6 9 4 1 1 0 0 0 0 0 0 1 2 0 0 0
1472250198 966 21 0 10 6 9 4 1 1 0 0 0 0 0 0 1 2 0 0 0
1472250538 967 21 0 10 6 9 4 1 1 0 0 0 0 0 0 1 2 0 0 0
1472251848 968 21 0 10 6 9 4 1 1 0 0 0 0 0 0 1 2 0 0 0
1472252193 969 21 0 10 6 9 4 1 1 0 0 0 0 0 0 1 2 0 0 0
1472253105 970 21 0 10 6 9 4 1 1 0 0 0 0 0 0 1 2 0 0 0
1472253591 971 21 0 10 6 9 4 1 1 0 0 0 0 0 0 1 2 0 0 0
1472329747 972 21 0 10 6 9 4 1 1 0 0 0 0 0 0 1 2 0 0 0
1472331717 973 21 0 10 6 9 4 1 1 0 0 0 0 0 0 1 2 0 0 0
1472332465 974 21 0 10 6 9 4 1 1 0 0 0 0 0 0 1 2 0 0 0
1472338995 975 21 0 10 6 9 4 1 1 0 0 0 0 0 0 1 2 0 0 0
1472346835 976 21 0 10 6 9 4 1 1 0 0 0 0 0 0 1 2 0 0 0
1472347861 977 21 0 10 6 9 4 1 1 0 0 0 0 0 0 1 2 0 0 0
1472395330 978 21 0 10 6 9 4 1 1 0 0 0 0 0 0 1 2 0 0 0
1472395399 979 21 0 10 6 9 4 1 1 0 0 0 0 0 0 1 2 0 0 0
1472397173 980 21 0 10 6 9 4 1 1 0 0 0 0 0 0 1 2 0 0 0
1472398419 981 21 0 10 6 9 4 1 1 0 0 0 0 0 0 1 2 0 0 0
1472409218 982 21 0 10 6 9 4 1 1 0 0 0 0 0 0 1 2 0 0 0
1472409579 983 21 0 10 6 9 4 1 1 0 0 0 0 0 0 1 2 0 0 0
1472481141 984 21 0 10 6 9 4 1 1 0 0 0 0 0 0 1 2 0 0 0
1472481537 985 21 0 10 6 9 4 1 1 0 0 0 0 0 0 1 2 0 0 0
1472485052 986 21 0 10 6 9 4 1 1 0 0 0 0 0 0 1 2 0 0 0
1472485508 987 21 0 10 6 9 4 1 1 0 0 0 0 0 0 1 2 0 0 0
1472485533 987 21 0 10 6 9 4 1 1 0 0 0 0 0 0 1 2 0 0 0
1472485702 988 21 0 10 6 9 4 1 1 0 0 0 0 0 0 1 2 0 0 0
1472500140 990 21 0 10 6 9 4 1 1 0 0 0 0 0 0 1 2 0 0 0
1472510707 991 21 0 10 6 9 4 1 1 0 0 0 0 0 0 1 2 0 0 0
1472567818 992 21 0 10 6 9 4 1 1 0 0 0 0 0 0 1 2 0 0 0
1472568338 993 21 0 10 6 9 4 1 1 0 0 0 0 0 0 1 2 0 0 0
1472655638 993 21 0 10 6 9 4 1 1 0 0 0 0 0 0 1 2 0 0 0
1472660664 994 21 0 10 6 9 4 1 1 0 0 0 0 0 0 1 2 0 0 0
1472661331 995 21 0 10 6 9 4 1 1 0 0 0 0 0 0 1 2 0 0 0
1472696869 995 21 0 10 6 9 4 1 1 0 0 0 0 0 0 1 2 0 0 0
1472698449 996 21 0 10 6 9 4 1 1 0 0 0 0 0 0 1 2 0 0 0
1472701570 996 21 0 10 6 9 4 1 1 0 1 0 0 0 0 1 2 0 0 0
1472981605 996 21 0 10 6 9 4 1 1 0 1 0 0 0 0 1 2 0 0 0
1473072814 996 21 0 10 6 9 4 1 1 0 2 0 0 0 0 1 2 0 0 0
1473168497 996 21 0 10 6 9 4 1 1 0 3 0 0 0 0 1 2 0 0 0
1473321293 997 21 0 10 6 9 4 1 1 0 3 0 0 0 0 1 2 0 0 0
1473323161 997 21 0 10 6 9 4 2 1 0 3 0 0 0 0 1 2 0 0 0
1473325899 998 21 0 10 6 9 4 2 1 0 3 0 0 0 0 1 2 0 0 0
1473328042 999 21 0 10 6 9 4 2 1 0 3 0 0 0 0 1 2 0 0 0
1473333149 1000 21 0 10 6 9 4 2 1 0 3 0 0 0 0 1 2 0 0 0
1473333450 1001 21 0 10 6 9 4 2 1 0 3 0 0 0 0 1 2 0 0 0
1473334187 1002 21 0 10 6 9 4 2 1 0 3 0 0 0 0 1 2 0 0 0
1473334188 1003 21 0 10 6 9 4 2 1 0 3 0 0 0 0 1 2 0 0 0
1473335640 1004 21 0 10 6 9 4 2 1 0 3 0 0 0 0 1 2 0 0 0
1473335745 1005 21 0 10 6 9 4 2 1 0 3 0 0 0 0 1 2 0 0 0
1473411022 1006 21 0 10 6 9 4 2 1 0 3 0 0 0 0 1 2 0 0 0
1473422064 1007 21 0 10 6 9 4 2 1 0 3 0 0 0 0 1 2 0 0 0
1473484326 1007 21 0 10 6 9 4 2 1 0 3 0 0 0 0 1 2 0 0 0
1473496872 1008 21 0 10 6 9 4 2 1 0 3 0 0 0 0 1 2 0 0 0
1473589079 1009 21 0 10 6 9 4 2 1 0 3 0 0 0 0 1 2 0 0 0
1473605687 1009 21 0 10 6 9 4 2 1 0 3 0 0 0 0 1 2 0 0 0
1473770573 1010 21 0 10 6 9 4 2 1 0 3 0 0 0 0 1 2 0 0 0
1473770605 1011 21 0 10 6 9 4 2 1 0 3 0 0 0 0 1 2 0 0 0
1473772862 1013 21 0 10 6 9 4 2 1 0 3 0 0 0 0 1 2 0 0 0
1473811154 1013 21 0 10 6 9 4 2 1 0 4 0 0 0 0 1 2 0 0 0
1473862454 1014 21 0 10 6 9 4 2 1 0 4 0 0 0 0 1 2 0 0 0
1473867330 1015 21 0 10 6 9 4 2 1 0 4 0 0 0 0 1 2 0 0 0
1474044013 1015 21 0 10 6 9 4 3 1 0 4 0 0 0 0 1 2 0 0 0
1474298059 1016 21 0 10 6 9 4 3 1 0 4 0 0 0 0 1 2 0 0 0
1474299342 1017 21 0 10 6 9 4 3 1 0 4 0 0 0 0 1 2 0 0 0
1474300559 1018 21 0 10 6 9 4 3 1 0 4 0 0 0 0 1 2 0 0 0
1474300744 1019 21 0 10 6 9 4 3 1 0 4 0 0 0 0 1 2 0 0 0
1474301827 1020 21 0 10 6 9 4 3 1 0 4 0 0 0 0 1 2 0 0 0
1474302907 1021 21 0 10 6 9 4 3 1 0 4 0 0 0 0 1 2 0 0 0
1474302959 1022 21 0 10 6 9 4 3 1 0 4 0 0 0 0 1 2 0 0 0
1474415617 1023 21 0 10 6 9 4 3 1 0 4 0 0 0 0 1 2 0 0 0
1474432193 1024 21 0 10 6 9 4 3 1 0 4 0 0 0 0 1 2 0 0 0
1474476340 1024 21 0 10 6 9 4 4 1 0 4 0 0 0 0 1 2 0 0 0
1474516673 1025 21 0 10 6 9 4 4 1 0 4 0 0 0 0 1 2 0 0 0
1474517253 1026 21 0 10 6 9 4 4 1 0 4 0 0 0 0 1 2 0 0 0
1474564483 1027 21 0 10 6 9 4 4 1 0 4 0 0 0 0 1 2 0 0 0
1474642884 1028 21 0 10 6 9 4 4 1 0 4 0 0 0 1 1 2 0 0 0
1474656413 1029 21 0 10 6 9 4 4 1 0 4 0 0 0 1 1 2 0 0 0
1474657063 1030 21 0 10 6 9 4 4 1 0 4 0 0 0 1 1 2 0 0 0
1474663314 1031 21 0 10 6 9 4 4 1 0 4 0 0 0 1 1 2 0 0 0
1474665561 1032 21 0 10 6 9 4 4 1 0 4 0 0 0 1 1 2 0 0 0
1474667408 1033 21 0 10 6 9 4 4 1 0 4 0 0 0 1 1 2 0 0 0
1474667667 1034 21 0 10 6 9 4 4 1 0 4 0 0 0 1 1 2 0 0 0
1474669003 1035 21 0 10 6 9 4 4 1 0 4 0 0 0 1 1 2 0 0 0
1474669489 1036 21 0 10 6 9 4 4 1 0 4 0 0 0 1 1 2 0 0 0
1474669490 1037 21 0 10 6 9 4 4 1 0 4 0 0 0 1 1 2 0 0 0
1474943923 1038 21 0 10 6 9 4 4 1 0 4 0 0 0 1 1 2 0 0 0
1474944897 1038 21 0 10 6 9 4 4 1 0 4 0 0 0 2 1 2 0 0 0
1474944968 1039 21 0 10 6 9 4 4 1 0 4 0 0 0 2 1 2 0 0 0
1475005638 1039 21 0 10 6 9 4 4 2 0 4 0 0 0 2 1 2 0 0 0
1475005906 1040 21 0 10 6 9 4 4 2 0 4 0 0 0 2 1 2 0 0 0
1475010507 1041 21 0 10 6 9 4 4 2 0 4 0 0 0 2 1 2 0 0 0
1475010508 1042 21 0 10 6 9 4 4 2 0 4 0 0 0 2 1 2 0 0 0
1475010712 1043 21 0 10 6 9 4 4 2 0 4 0 0 0 2 1 2 0 0 0
1475089448 1043 21 0 10 6 9 4 4 2 0 4 1 0 0 2 1 2 0 0 0
1475091179 1043 21 0 10 6 9 4 4 2 0 4 1 0 0 2 1 2 0 0 0
1475091209 1043 21 0 10 6 9 4 4 2 0 4 1 0 0 2 1 2 0 0 0
1475101881 1044 21 0 10 6 9 4 4 2 0 4 1 0 0 2 1 2 0 0 0
1475101892 1045 21 0 10 6 9 4 4 2 0 4 1 0 0 2 1 2 0 0 0
1475102016 1046 21 0 10 6 9 4 4 2 0 4 1 0 0 2 1 2 0 0 0
1475109452 1047 21 0 10 6 9 4 4 2 0 4 1 0 0 2 1 2 0 0 0
1475109905 1048 21 0 10 6 9 4 4 2 0 4 1 0 0 2 1 2 0 0 0
1475110696 1049 21 0 10 6 9 4 4 2 0 4 1 0 0 2 1 2 0 0 0
1475137182 1050 21 0 10 6 9 4 4 2 0 4 1 0 0 2 1 2 0 0 0
1475167925 1051 21 0 10 6 9 4 4 2 0 4 1 0 0 2 1 2 0 0 0
1475168447 1052 21 0 10 6 9 4 4 2 0 4 1 0 0 2 1 2 0 0 0
1475185860 1053 21 0 10 6 9 4 4 2 0 4 1 0 0 2 1 2 0 0 0
1475201139 1054 21 0 10 6 9 4 4 2 0 4 1 0 0 2 1 2 0 0 0
1475258258 1055 21 0 10 6 9 4 4 2 0 5 1 0 0 2 1 2 0 0 0
1475259310 1056 21 0 10 6 9 4 4 2 0 5 1 0 0 2 1 2 0 0 0
1475259507 1057 21 0 10 6 9 4 4 2 0 5 1 0 0 2 1 2 0 0 0
1475259527 1058 21 0 10 6 9 4 4 2 0 5 1 0 0 2 1 2 0 0 0
1475259896 1059 21 0 10 6 9 4 4 2 0 5 1 0 0 2 1 2 0 0 0
1475260320 1060 21 0 10 6 9 4 4 2 0 5 1 0 0 2 1 2 0 0 0
1475260321 1061 21 0 10 6 9 4 4 2 0 5 1 0 0 2 1 2 0 0 0
1475269406 1062 21 0 10 6 9 4 4 2 0 5 1 0 0 2 1 2 0 0 0
1475269921 1064 21 0 10 6 9 4 4 2 0 5 1 0 0 2 1 2 0 0 0
1475694794 1064 21 0 10 6 9 4 4 3 0 5 1 0 0 2 1 2 0 0 0
1475694961 1064 21 0 10 6 9 4 4 3 0 5 1 0 0 2 1 2 0 0 0
1475697872 1064 21 0 10 6 9 4 4 4 0 5 1 0 0 2 1 2 0 0 0
1475876391 1064 21 0 10 6 9 4 4 4 0 5 1 0 0 2 1 2 0 0 0
1475876417 1064 21 0 10 7 9 4 4 4 0 5 1 0 0 2 1 2 0 0 0
1475876562 1065 21 0 10 7 9 4 4 4 0 5 1 0 0 2 1 2 0 0 0
1475950505 1066 21 0 10 7 9 4 4 4 0 5 1 0 0 2 1 2 0 0 0
1475950536 1066 21 0 10 7 9 4 5 4 0 5 1 0 0 2 1 2 0 0 0
1475950601 1066 21 0 10 7 9 4 5 4 1 5 1 0 0 2 1 2 0 0 0
1476045203 1066 21 0 10 7 9 5 5 4 1 5 1 0 0 2 1 2 0 0 0
1476141643 1066 21 0 10 7 9 5 5 4 2 5 1 0 0 2 1 2 0 0 0
1476142219 1067 21 0 10 7 9 5 5 4 2 5 1 0 0 2 1 2 0 0 0
1476149005 1068 21 0 10 7 9 5 5 4 2 5 1 0 0 2 1 2 0 0 0
1476149029 1069 21 0 10 7 9 5 5 4 2 5 1 0 0 2 1 2 0 0 0
1476153674 1070 21 0 10 7 9 5 5 4 2 5 1 0 0 2 1 2 0 0 0
1476154515 1071 21 0 10 7 9 5 5 4 2 5 1 0 0 2 1 2 0 0 0
1476155001 1072 21 0 10 7 9 5 5 4 2 5 1 0 0 2 1 2 0 0 0
1476155734 1073 21 0 10 7 9 5 5 4 2 5 1 0 0 2 1 2 0 0 0
1476155855 1074 21 0 10 7 9 5 5 4 2 5 1 0 0 2 1 2 0 0 0
1476156324 1075 21 0 10 7 9 5 5 4 2 5 1 0 0 2 1 2 0 0 0
1476157977 1076 21 0 10 7 9 5 5 4 2 5 1 0 0 2 1 2 0 0 0
1476204810 1076 21 0 10 7 9 5 5 4 3 5 1 0 0 2 1 2 0 0 0
1476204831 1077 21 0 10 7 9 5 5 4 3 5 1 0 0 2 1 2 0 0 0
1476205534 1078 21 0 10 7 9 5 5 4 3 5 1 0 0 2 1 2 0 0 0
1476209414 1078 21 0 10 7 9 5 5 4 4 5 1 0 0 2 1 2 0 0 0
1476221555 1079 21 0 10 7 9 5 5 4 4 5 1 0 0 2 1 2 0 0 0
1476222800 1080 21 0 10 7 9 5 5 4 4 5 1 0 0 2 1 2 0 0 0
1476223082 1081 21 0 10 7 9 5 5 4 4 5 1 0 0 2 1 2 0 0 0
1476224291 1082 21 0 10 7 9 5 5 4 4 5 1 0 0 2 1 2 0 0 0
1476228721 1083 21 0 10 7 9 5 5 4 4 5 1 0 0 2 1 2 0 0 0
1476232273 1084 21 0 10 7 9 5 5 4 4 5 1 0 0 2 1 2 0 0 0
1476233350 1085 21 0 10 7 9 5 5 4 4 5 1 0 0 2 1 2 0 0 0
1476233428 1086 21 0 10 7 9 5 5 4 4 5 1 0 0 2 1 2 0 0 0
1476244733 1087 21 0 10 7 9 5 5 4 4 5 1 0 0 2 1 2 0 0 0
1476248046 1088 21 0 10 7 9 5 5 4 4 5 1 0 0 2 1 2 0 0 0
1476248047 1089 21 0 10 7 9 5 5 4 4 5 1 0 0 2 1 2 0 0 0
1476292941 1089 21 0 10 7 9 5 5 4 4 5 1 0 0 2 1 2 0 0 1
1476293202 1089 21 0 10 7 9 5 5 4 5 5 1 0 0 2 1 2 0 0 1
1476293336 1090 21 0 10 7 9 5 5 4 5 5 1 0 0 2 1 2 0 0 1
1476293499 1091 21 0 10 7 9 5 5 4 5 5 1 0 0 2 1 2 0 0 1
1476295665 1092 21 0 10 7 9 5 5 4 5 5 1 0 0 2 1 2 0 0 1
1476302354 1093 21 0 10 7 9 5 5 4 5 5 1 0 0 2 1 2 0 0 1
1476304316 1094 21 0 10 7 9 5 5 4 5 5 1 0 0 2 1 2 0 0 1
1476306732 1095 21 0 10 7 9 5 5 4 5 5 1 0 0 2 1 2 0 0 1
1476308588 1096 21 0 10 7 9 5 5 4 5 5 1 0 0 2 1 2 0 0 1
1476343067 1097 21 0 10 7 9 5 5 4 5 5 1 0 0 2 1 2 0 0 1
1476343101 1098 21 0 10 7 9 5 5 4 5 5 1 0 0 2 1 2 0 0 1
1476344119 1099 21 0 10 7 9 5 5 4 5 5 1 0 0 2 1 2 0 0 1
1476344547 1100 21 0 10 7 9 5 5 4 5 5 1 0 0 2 1 2 0 0 1
1476349535 1101 21 0 10 7 9 5 5 4 5 5 1 0 0 2 1 2 0 0 1
1476350391 1102 21 0 10 7 9 5 5 4 5 5 1 0 0 2 1 2 0 0 1
1476350847 1103 21 0 10 7 9 5 5 4 5 5 1 0 0 2 1 2 0 0 1
1476350848 1104 21 0 10 7 9 5 5 4 5 5 1 0 0 2 1 2 0 0 1
1476451509 1104 21 0 10 7 9 5 5 4 6 5 1 0 0 2 1 2 0 0 1
1476451674 1104 21 0 10 7 9 6 5 4 6 5 1 0 0 2 1 2 0 0 1
1476671782 1104 21 0 10 7 9 6 5 4 6 5 1 0 0 2 1 2 0 0 1
1476672219 1104 21 0 10 7 9 6 5 4 6 5 1 0 0 2 1 2 0 0 1
1476672710 1105 21 0 10 7 9 6 5 4 6 5 1 0 0 2 1 2 0 0 1
1476696622 1105 21 0 10 7 9 6 5 4 6 5 1 0 0 2 1 2 0 0 1
1476887597 1105 21 0 10 7 9 6 5 4 6 5 1 0 0 2 1 2 0 0 1
1476890482 1105 21 0 10 7 9 6 5 4 6 5 1 0 0 2 1 2 0 0 1
1477110239 1105 21 0 10 7 9 6 5 4 6 5 1 0 0 2 1 2 0 0 1
1477119452 1105 21 0 10 7 9 6 5 4 7 5 1 0 0 2 1 2 0 0 1
1477124855 1106 21 0 10 7 9 6 5 4 7 5 1 0 0 2 1 2 0 0 1
1477311907 1106 21 0 10 7 9 6 5 4 7 5 1 0 0 2 1 2 0 0 1
1477313531 1106 21 0 10 7 9 6 5 5 7 5 1 0 0 2 1 2 0 0 1
1477929298 1106 21 0 10 7 9 6 5 5 7 5 1 0 0 2 1 2 0 0 1
1477932448 1107 21 0 10 7 9 6 5 5 7 5 1 0 0 2 1 2 0 0 1
1477933601 1108 21 0 10 7 9 6 5 5 7 5 1 0 0 2 1 2 0 0 1
1477945718 1109 21 0 10 7 9 6 5 5 7 5 1 0 0 2 1 2 0 0 1
1478013445 1109 21 0 10 7 9 7 5 5 7 5 1 0 0 2 1 2 0 0 1
1478014243 1109 21 0 10 8 9 7 5 5 7 5 1 0 0 2 1 2 0 0 1
1478015327 1109 21 0 10 8 9 7 5 5 7 5 1 0 0 2 1 2 0 0 1
1478015422 1109 21 1 10 8 9 7 5 5 7 5 1 0 0 2 1 2 0 0 1
1478022475 1110 21 1 10 8 9 7 5 5 7 5 1 0 0 2 1 2 0 0 1
1478030016 1111 21 1 10 8 9 7 5 5 7 5 1 0 0 2 1 2 0 0 1
1478116257 1112 21 1 10 8 9 7 5 5 7 5 1 0 0 2 1 2 0 0 1
1478127069 1113 21 1 10 8 9 7 5 5 7 5 1 0 0 2 1 2 0 0 1
1478140476 1114 21 1 10 8 9 7 5 5 7 5 1 0 0 2 1 2 0 0 1
1478148829 1115 21 1 10 8 9 7 5 5 7 5 1 0 0 2 1 2 0 0 1
1478184823 1115 21 1 10 8 9 7 5 5 7 5 1 0 0 2 1 2 0 0 1
1478192827 1115 21 1 10 8 9 7 5 5 7 6 1 0 0 2 1 2 0 0 1
1478204585 1116 21 1 10 8 9 7 5 5 7 6 1 0 0 2 1 2 0 0 1
1478204753 1117 21 1 10 8 9 7 5 5 7 6 1 0 0 2 1 2 0 0 1
1478219840 1117 21 1 10 8 9 7 5 5 7 6 1 0 0 2 1 2 0 0 1
1478259887 1117 21 1 10 8 9 7 5 5 7 6 2 0 0 2 1 2 0 0 1
1478266510 1117 21 1 10 8 9 7 5 5 7 6 2 0 0 2 1 2 0 0 1
1478266732 1117 21 1 10 8 9 7 5 5 7 6 3 0 0 2 1 2 0 0 1
1478278395 1118 21 1 10 8 9 7 5 5 7 6 3 0 0 2 1 2 0 0 1
1478278493 1119 21 1 10 8 9 7 5 5 7 6 3 0 0 2 1 2 0 0 1
1478290969 1120 21 1 10 8 9 7 5 5 7 6 3 0 0 2 1 2 0 0 1
1478292422 1121 21 1 10 8 9 7 5 5 7 6 3 0 0 2 1 2 0 0 1
1478292423 1122 21 1 10 8 9 7 5 5 7 6 3 0 0 2 1 2 0 0 1
1478303291 1123 21 1 10 8 9 7 5 5 7 6 3 0 0 2 1 2 0 0 1
1478307077 1124 21 1 10 8 9 7 5 5 7 6 3 0 0 2 1 2 0 0 1
1478311086 1125 21 1 10 8 9 7 5 5 7 6 3 0 0 2 1 2 0 0 1
1478311251 1126 21 1 10 8 9 7 5 5 7 6 3 0 0 2 1 2 0 0 1
1478312385 1127 21 1 10 8 9 7 5 5 7 6 3 0 0 2 1 2 0 0 1
1478314170 1128 21 1 10 8 9 7 5 5 7 6 3 0 0 2 1 2 0 0 1
1478317646 1130 21 1 10 8 9 7 5 5 7 6 3 0 0 2 1 2 0 0 1
1478359437 1130 21 1 10 8 9 7 5 5 7 6 3 0 0 2 2 2 0 0 1
1478359704 1131 21 1 10 8 9 7 5 5 7 6 3 0 0 2 2 2 0 0 1
1478371050 1132 21 1 10 8 9 7 5 5 7 6 3 0 0 2 2 2 0 0 1
1478536417 1132 21 2 10 8 9 7 5 5 7 6 3 0 0 2 2 2 0 0 1
1478553588 1133 21 3 10 8 9 7 5 5 7 6 3 0 0 2 2 2 0 0 1
1478553951 1136 21 3 10 8 9 7 5 5 7 6 3 0 0 2 2 2 0 0 1
1478557666 1137 21 3 10 8 9 7 5 5 7 6 3 0 0 2 2 2 0 0 1
1478557885 1138 21 3 10 8 9 7 5 5 7 6 3 0 0 2 2 2 0 0 1
1478620989 1139 21 3 10 8 9 7 5 5 7 6 3 0 0 2 2 2 0 0 1
1478621140 1140 21 3 10 8 9 7 5 5 7 6 3 0 0 2 2 2 0 0 1
1478659199 1140 21 3 10 8 9 7 5 5 7 6 3 1 0 2 2 2 0 0 1
1478725589 1141 21 3 10 8 9 7 5 5 7 6 3 1 0 2 2 2 0 0 1
1478732907 1142 21 3 10 8 9 7 5 5 7 6 3 1 0 2 2 2 0 0 1
1478732973 1143 21 3 10 8 9 7 5 5 7 6 3 1 0 2 2 2 0 0 1
1478744341 1144 21 3 10 8 9 7 5 5 7 6 3 1 0 2 2 2 0 0 1
1478913911 1145 21 3 10 8 9 7 5 5 7 6 3 1 0 2 2 2 0 0 1
1478968431 1145 21 3 10 8 9 7 5 5 7 6 3 2 0 2 2 2 0 0 1
1479007005 1146 21 3 10 8 9 7 5 5 7 6 3 2 0 2 2 2 0 0 1
1479060908 1146 21 4 10 8 9 7 5 5 7 6 3 2 0 2 2 2 0 0 1
1479063842 1147 21 4 10 8 9 7 5 5 7 6 3 2 0 2 2 2 0 0 1
1479064054 1148 21 4 10 8 9 7 5 5 7 6 3 2 0 2 2 2 0 0 1
1479158421 1148 21 5 10 8 9 7 5 5 7 6 3 2 0 2 2 2 0 0 1
1479225908 1149 21 5 10 8 9 7 5 5 7 6 3 2 0 2 2 2 0 0 1
1479230979 1150 21 5 10 8 9 7 5 5 7 6 3 2 0 2 2 2 0 0 1
1479235317 1151 21 5 10 8 9 7 5 5 7 6 3 2 0 2 2 2 0 0 1
1479240904 1152 21 5 10 8 9 7 5 5 7 6 3 2 0 2 2 2 0 0 1
1479241294 1153 21 5 10 8 9 7 5 5 7 6 3 2 0 2 2 2 0 0 1
1479241319 1154 21 5 10 8 9 7 5 5 7 6 3 2 0 2 2 2 0 0 1
1479243206 1155 21 5 10 8 9 7 5 5 7 6 3 2 0 2 2 2 0 0 1
1479246312 1156 21 5 10 8 9 7 5 5 7 6 3 2 0 2 2 2 0 0 1
1479249542 1157 21 5 10 8 9 7 5 5 7 6 3 2 0 2 2 2 0 0 1
1479251102 1159 21 5 10 8 9 7 5 5 7 6 3 2 0 2 2 2 0 0 1
1479251440 1160 21 5 10 8 9 7 5 5 7 6 3 2 0 2 2 2 0 0 1
1479251460 1161 21 5 10 8 9 7 5 5 7 6 3 2 0 2 2 2 0 0 1
1479264227 1162 21 5 10 8 9 7 5 5 7 6 3 2 0 2 2 2 0 0 1
1479269270 1163 21 5 10 8 9 7 5 5 7 6 3 2 0 2 2 2 0 0 1
1479313540 1164 21 5 10 8 9 7 5 5 7 6 3 2 0 2 2 2 0 0 1
1479315987 1165 21 5 10 8 9 7 5 5 7 6 3 2 0 2 2 2 0 0 1
1479333265 1167 21 5 10 8 9 7 5 5 7 6 3 2 0 2 2 2 0 0 1
1479392202 1167 21 5 10 8 9 7 5 5 7 6 3 2 0 2 2 2 0 0 1
1479399954 1167 21 6 10 8 9 7 5 5 7 6 3 2 0 2 2 2 0 0 1
1479424088 1168 21 6 10 8 9 7 5 5 7 6 3 2 0 2 2 2 0 0 1
1479424510 1169 21 6 10 8 9 7 5 5 7 6 3 2 0 2 2 2 0 0 1
1479486965 1170 21 6 10 8 9 7 5 5 7 6 3 2 0 2 2 2 0 0 1
1479487622 1171 21 6 10 8 9 7 5 5 7 6 3 2 0 2 2 2 0 0 1
1479488216 1172 21 6 10 8 9 7 5 5 7 6 3 2 0 2 2 2 0 0 1
1479489192 1173 21 6 10 8 9 7 5 5 7 6 3 2 0 2 2 2 0 0 1
1479490441 1174 21 6 10 8 9 7 5 5 7 6 3 2 0 2 2 2 0 0 1
1479519513 1175 21 6 10 8 9 7 5 5 7 6 3 2 0 2 2 2 0 0 1
1479519705 1175 21 6 10 8 9 7 5 5 7 6 3 2 0 2 2 2 0 0 1
1479524041 1176 21 6 10 8 9 7 5 5 7 6 3 2 0 2 2 2 0 0 1
1479558456 1176 21 6 10 8 9 7 5 5 7 6 4 2 0 2 2 2 0 0 1
1479609937 1177 21 6 10 8 9 7 5 5 7 6 4 2 0 2 2 2 0 0 1
1479611286 1178 21 6 10 8 9 7 5 5 7 6 4 2 0 2 2 2 0 0 1
1479611698 1179 21 6 10 8 9 7 5 5 7 6 4 2 0 2 2 2 0 0 1
1479611699 1180 21 6 10 8 9 7 5 5 7 6 4 2 0 2 2 2 0 0 1
1479653020 1180 21 7 10 8 9 7 5 5 7 6 4 2 0 2 2 2 0 0 1
1479653191 1180 21 7 10 8 9 7 5 5 7 6 4 2 0 2 2 2 1 0 1
1479653438 1180 21 7 10 8 9 8 5 5 7 6 4 2 0 2 2 2 1 0 1
1479659862 1180 21 7 10 8 9 8 5 6 7 6 4 2 0 2 2 2 1 0 1
1479661150 1181 21 7 10 8 9 8 6 6 7 6 4 2 0 2 2 2 1 0 1
1479661404 1195 21 7 10 8 9 8 6 6 7 6 4 2 0 2 2 2 1 0 1
1479695755 1196 21 7 10 8 9 8 6 6 7 6 4 2 0 2 2 2 1 0 1
1479696145 1197 21 7 10 8 9 8 6 6 7 6 4 2 0 2 2 2 1 0 1
1479739866 1198 21 7 10 8 9 8 6 6 7 6 4 2 0 2 2 2 1 0 1
1479742074 1199 21 7 10 8 9 8 6 6 7 6 4 2 0 2 2 2 1 0 1
1479742197 1200 21 7 10 8 9 8 6 6 7 6 4 2 0 2 2 2 1 0 1
1479743553 1201 21 7 10 8 9 8 6 6 7 6 4 2 0 2 2 2 1 0 1
1479746478 1202 21 7 10 8 9 8 6 6 7 6 4 2 0 2 2 2 1 0 1
1479759894 1203 21 8 10 8 9 8 6 6 7 6 4 2 0 2 2 2 1 0 1
1479764692 1204 21 8 10 8 9 8 6 6 7 6 4 2 0 2 2 2 1 0 1
1479767643 1205 21 8 10 8 9 8 6 6 7 6 4 2 0 2 2 2 1 0 1
1479824541 1205 21 8 10 8 9 8 7 6 7 6 4 2 0 2 2 2 1 0 1
1479827462 1206 21 8 10 8 9 8 7 6 7 6 4 2 0 2 2 2 1 0 1
1479831307 1208 21 8 10 8 9 8 7 6 7 6 4 2 0 2 2 2 1 0 1
1479912172 1209 21 8 10 8 9 8 7 6 7 6 4 2 0 2 2 2 1 0 1
1479923845 1210 21 8 10 8 9 8 7 6 7 6 4 2 0 2 2 2 1 0 1
1479924909 1211 21 8 10 8 9 8 7 6 7 6 4 2 0 2 2 2 1 0 1
1479925132 1211 21 8 10 8 9 8 7 6 7 6 5 2 0 2 2 2 1 0 1
1479934841 1212 21 8 10 8 9 8 7 6 7 6 5 2 0 2 2 2 1 0 1
1479934842 1213 21 8 10 8 9 8 7 6 7 6 5 2 0 2 2 2 1 0 1
1479941201 1214 21 8 10 8 9 8 7 6 7 6 5 2 0 2 2 2 1 0 1
1479942275 1215 21 8 10 8 9 8 7 6 7 6 5 2 0 2 2 2 1 0 1
1479944125 1216 21 8 10 8 9 8 7 6 7 6 5 2 0 2 2 2 1 0 1
1479944510 1217 21 8 10 8 9 8 7 6 7 6 5 2 0 2 2 2 1 0 1
1479944525 1218 21 8 10 8 9 8 7 6 7 6 5 2 0 2 2 2 1 0 1
1479946911 1219 21 8 10 8 9 8 7 6 7 6 5 2 0 2 2 2 1 0 1
1479946923 1220 21 8 10 8 9 8 7 6 7 6 5 2 0 2 2 2 1 0 1
1479999740 1221 21 8 10 8 9 8 7 6 7 6 5 2 0 2 2 2 1 0 1
1480000322 1222 21 8 10 8 9 8 7 6 7 6 5 2 0 2 2 2 1 0 1
1480000505 1223 21 8 10 8 9 8 7 6 7 6 5 2 0 2 2 2 1 0 1
1480003407 1224 21 8 10 8 9 8 7 6 7 6 5 2 0 2 2 2 1 0 1
1480004485 1225 21 8 10 8 9 8 7 6 7 6 5 2 0 2 2 2 1 0 1
1480006220 1226 21 8 10 8 9 8 7 6 7 6 5 2 0 2 2 2 1 0 1
1480006851 1227 21 8 10 8 9 8 7 6 7 6 5 2 0 2 2 2 1 0 1
1480007861 1228 21 8 10 8 9 8 7 6 7 6 5 2 0 2 2 2 1 0 1
1480009647 1229 21 8 10 8 9 8 7 6 7 6 5 2 0 2 2 2 1 0 1
1480009993 1230 21 8 10 8 9 8 7 6 7 6 5 2 0 2 2 2 1 0 1
1480010359 1231 21 8 10 8 9 8 7 6 7 6 5 2 0 2 2 2 1 0 1
1480086381 1232 21 8 10 8 9 8 7 6 7 6 5 2 0 2 2 2 1 0 1
1480093709 1232 21 9 10 8 9 8 7 6 7 6 5 2 0 2 2 2 1 0 1
1480093722 1232 21 9 10 8 9 8 8 6 7 6 5 2 0 2 2 2 1 0 1
1480095702 1233 21 9 10 8 9 8 8 6 7 6 5 2 0 2 2 2 1 0 1
1480095749 1234 21 9 10 8 9 8 8 6 7 6 5 2 0 2 2 2 1 0 1
1480097084 1235 21 9 10 8 9 8 8 6 7 6 5 2 0 2 2 2 1 0 1
1480097771 1236 21 9 10 8 9 8 8 6 7 6 5 2 0 2 2 2 1 0 1
1480108194 1237 21 9 10 8 9 8 8 6 7 6 5 2 0 2 2 2 1 0 1
1480111960 1238 21 9 10 8 9 8 8 6 7 6 5 2 0 2 2 2 1 0 1
1480194354 1239 21 9 10 8 9 8 8 6 7 6 5 2 0 2 2 2 1 0 1
1480194414 1240 21 9 10 8 9 8 8 6 7 6 5 2 0 2 2 2 1 0 1
1480420173 1240 22 9 10 8 9 8 8 6 7 6 5 2 0 2 2 2 1 0 1
1480450071 1240 22 9 10 8 9 8 8 6 7 6 5 3 0 2 2 2 1 0 1
1480526118 1240 22 9 10 8 9 8 8 6 7 6 5 3 0 2 2 2 2 0 1
1480526170 1240 22 10 10 8 9 8 8 6 7 6 5 3 0 2 2 2 2 0 1
1480527116 1241 22 10 10 8 9 8 8 6 7 6 5 3 0 2 2 2 2 0 1
1480532000 1241 22 11 10 8 9 8 8 6 7 6 5 3 0 2 2 2 2 0 1
1480533640 1242 22 11 10 8 9 8 8 6 7 6 5 3 0 2 2 2 2 0 1
1480566543 1243 22 11 10 8 9 8 8 6 7 6 5 3 0 2 2 2 2 0 1
1480566763 1244 22 11 10 8 9 8 8 6 7 6 5 3 0 2 2 2 2 0 1
1480604314 1245 22 11 10 8 9 8 8 6 7 6 5 3 0 2 2 2 2 0 1
1480620715 1246 22 11 10 8 9 8 8 6 7 6 5 3 0 2 2 2 2 0 1
1480632391 1247 22 11 10 8 9 8 8 6 7 6 5 3 0 2 2 2 2 0 1
1480632449 1248 22 11 10 8 9 8 8 6 7 6 5 3 0 2 2 2 2 0 1
1480635166 1249 22 11 10 8 9 8 8 6 7 6 5 3 0 2 2 2 2 0 1
1480639517 1250 22 11 10 8 9 8 8 6 7 6 5 3 0 2 2 2 2 0 1
1480647678 1251 22 11 10 8 9 8 8 6 7 6 5 3 0 2 2 2 2 0 1
1480647679 1252 22 11 10 8 9 8 8 6 7 6 5 3 0 2 2 2 2 0 1
1480686880 1253 22 11 10 8 9 8 8 6 7 6 5 3 0 2 2 2 2 0 1
1480837206 1261 22 11 10 8 9 9 8 6 7 6 5 3 0 2 2 2 2 0 1
1480869293 1262 22 11 10 8 9 9 8 6 7 6 5 3 0 2 2 2 2 0 1
1480870245 1263 22 11 10 8 9 9 8 6 7 6 5 3 0 2 2 2 2 0 1
1480901391 1264 22 11 10 8 9 9 8 6 7 6 5 3 0 2 2 2 2 0 1
1481147050 1265 22 11 10 8 9 9 8 6 7 6 5 3 0 2 2 2 2 0 1
1481147309 1266 22 11 10 8 9 9 8 6 7 6 5 3 0 2 2 2 2 0 1
1481150063 1267 22 11 10 8 9 9 8 6 7 6 5 3 0 2 2 2 2 0 1
1481150427 1268 22 11 10 8 9 9 8 6 7 6 5 3 0 2 2 2 2 0 1
1481209298 1268 22 11 10 8 9 9 8 7 7 6 5 3 0 2 2 2 2 0 1
1481212590 1269 22 11 10 8 9 9 8 7 7 6 5 3 0 2 2 2 2 0 1
1481216268 1270 22 11 10 8 9 9 8 7 7 6 5 3 0 2 2 2 2 0 1
1481217131 1271 22 11 10 8 9 9 8 7 7 6 5 3 0 2 2 2 2 0 1
1481217982 1272 22 11 10 8 9 9 8 7 7 6 5 3 0 2 2 2 2 0 1
1481220933 1273 22 11 10 8 9 9 8 7 7 6 5 3 0 2 2 2 2 0 1
1481226974 1273 22 11 10 8 9 9 8 7 7 6 5 3 1 2 2 2 2 0 1
1481227106 1274 22 11 10 8 9 9 8 7 7 6 5 3 1 2 2 2 2 0 1
1481230946 1275 22 11 10 8 9 9 8 7 7 6 5 3 1 2 2 2 2 0 1
1481234049 1276 22 11 10 8 9 9 8 7 7 6 5 3 1 2 2 2 2 0 1
1481304012 1277 22 11 10 8 9 9 8 7 7 6 5 3 1 2 2 2 2 0 1
1481305873 1277 22 11 10 9 9 9 8 7 7 6 5 3 1 2 2 2 2 0 1
1481469383 1277 22 12 10 9 9 9 8 7 7 6 5 3 1 2 2 2 2 0 1
1481570532 1278 22 12 10 9 9 9 8 7 7 6 5 3 1 2 2 2 2 0 1
1481570564 1279 22 12 10 9 9 9 8 7 7 6 5 3 1 2 2 2 2 0 1
1481592438 1279 22 12 10 9 9 9 8 7 7 6 5 3 1 2 2 2 2 0 1
1481596236 1280 22 12 10 9 9 9 8 7 7 6 5 3 1 2 2 2 2 0 1
1481596450 1281 22 12 10 9 9 9 8 7 7 6 5 3 1 2 2 2 2 0 1
1481597947 1282 22 12 10 9 9 9 8 7 7 6 5 3 1 2 2 2 2 0 1
1481598569 1284 22 12 10 9 9 9 8 7 7 6 5 3 1 2 2 2 2 0 1
1481605220 1284 22 12 10 9 9 9 8 7 7 6 5 3 1 2 2 2 2 1 1
1481647945 1284 22 13 10 9 9 9 8 7 7 6 5 3 1 2 2 2 2 1 1
1481648557 1285 22 13 10 9 9 9 8 7 7 6 5 3 1 2 2 2 2 1 1
1481648626 1286 22 13 10 9 9 9 8 7 7 6 5 3 1 2 2 2 2 1 1
1481649747 1287 22 13 10 9 9 9 8 7 7 6 5 3 1 2 2 2 2 1 1
1481649748 1288 22 13 10 9 9 9 8 7 7 6 5 3 1 2 2 2 2 1 1
1481675347 1289 22 13 10 9 9 9 8 7 7 6 5 3 1 2 2 2 2 1 1
1481677254 1290 22 13 10 9 9 9 8 7 7 6 5 3 1 2 2 2 2 1 1
1481677965 1291 22 13 10 9 9 9 8 7 7 6 5 3 1 2 2 2 2 1 1
1481678182 1292 22 13 10 9 9 9 8 7 7 6 5 3 1 2 2 2 2 1 1
1481680872 1293 22 13 10 9 9 9 8 7 7 6 5 3 1 2 2 2 2 1 1
1481682150 1294 22 13 10 9 9 9 8 7 7 6 5 3 1 2 2 2 2 1 1
1481732693 1295 22 13 10 9 9 9 8 7 7 6 5 3 1 2 2 2 2 1 1
1481736174 1296 22 13 10 9 9 9 8 7 7 6 5 3 1 2 2 2 2 1 1
1481736458 1297 22 13 10 9 9 9 8 7 7 6 5 3 1 2 2 2 2 1 1
1481736570 1298 22 13 10 9 9 9 8 7 7 6 5 3 1 2 2 2 2 1 1
1481737348 1299 22 13 10 9 9 9 8 7 7 6 5 3 1 2 2 2 2 1 1
1481907053 1299 22 13 10 9 9 9 8 8 7 6 5 3 1 2 2 2 2 1 1
1482162992 1299 22 13 10 9 9 9 8 8 7 6 5 4 1 2 2 2 2 1 1
1482200407 1299 22 13 10 9 9 9 8 8 7 6 5 4 1 2 2 2 2 1 1
1482200478 1300 22 13 10 9 9 9 8 8 7 6 5 4 1 2 2 2 2 1 1
1482291054 1300 23 13 10 9 9 9 8 8 7 6 5 4 1 2 2 2 2 1 1
1482354514 1301 23 13 10 9 9 9 8 8 7 6 5 4 1 2 2 2 2 1 1
1482355144 1301 23 14 10 9 9 9 8 8 7 6 5 4 1 2 2 2 2 1 1
1482355218 1301 23 14 10 9 9 9 8 8 7 6 5 4 1 2 2 2 2 1 1
1482355374 1301 23 15 10 9 9 9 8 8 7 6 5 4 1 2 2 2 2 1 1
1482356512 1302 23 15 10 9 9 9 8 8 7 6 5 4 1 2 2 2 2 1 1
1482375830 1303 23 15 10 9 9 9 8 8 7 6 5 4 1 2 2 2 2 1 1
1482377721 1304 23 15 10 9 9 9 8 8 7 6 5 4 1 2 2 2 2 1 1
1482377752 1304 23 16 10 9 9 9 8 8 7 6 5 4 1 2 2 2 2 1 1
1482380841 1305 23 16 10 9 9 9 8 8 7 6 5 4 1 2 2 2 2 1 1
1482381316 1306 23 16 10 9 9 9 8 8 7 6 5 4 1 2 2 2 2 1 1
1482459460 1306 23 17 10 9 9 9 8 8 7 6 5 4 1 2 2 2 2 1 1
1482463977 1307 23 17 10 9 9 9 8 8 7 6 5 4 1 2 2 2 2 1 1
1482465785 1308 23 17 10 9 9 9 8 8 7 6 5 4 1 2 2 2 2 1 1
1482468010 1309 23 17 10 9 9 9 8 8 7 6 5 4 1 2 2 2 2 1 1
1482468584 1310 23 17 10 9 9 9 8 8 7 6 5 4 1 2 2 2 2 1 1
1482541731 1311 23 17 10 9 9 9 8 8 7 6 5 4 1 2 2 2 2 1 1
1482597375 1312 23 17 10 9 9 9 8 8 7 6 5 4 1 2 2 2 2 1 1
1482597377 1313 23 17 10 9 9 9 8 8 7 6 5 4 1 2 2 2 2 1 1
1482690571 1313 23 17 10 9 9 9 8 8 7 6 5 4 2 2 2 2 2 1 1
1482764095 1314 23 17 10 9 9 9 8 8 7 6 6 4 2 2 2 2 2 1 1
1482766368 1315 23 17 10 9 9 9 8 8 7 6 6 4 2 2 2 2 2 1 1
1482776912 1315 23 18 10 9 9 9 8 8 7 6 6 4 2 2 2 2 2 1 1
1482851805 1316 23 18 10 9 9 9 8 8 7 6 6 4 2 2 2 2 2 1 1
1482851844 1316 23 18 10 9 9 9 8 8 7 6 6 4 2 2 2 2 2 1 1
1482853019 1317 23 18 10 9 9 9 8 8 7 6 6 4 2 2 2 2 2 1 1
1482858613 1318 23 18 10 9 9 9 8 8 7 6 6 4 2 2 2 2 2 1 1
1482865900 1319 23 18 10 9 9 9 8 8 7 6 6 4 2 2 2 2 2 1 1
1482865905 1320 23 18 10 9 9 9 8 8 7 6 6 4 2 2 2 2 2 1 1
1482869028 1321 23 18 10 9 9 9 8 8 7 6 6 4 2 2 2 2 2 1 1
1482872337 1322 23 18 10 9 9 9 8 8 7 6 6 4 2 2 2 2 2 1 1
1482872949 1322 23 18 10 9 9 9 8 8 7 6 6 4 2 3 2 2 2 1 1
1482872961 1322 23 19 10 9 9 9 8 8 7 6 6 4 2 3 2 2 2 1 1
1482877483 1323 23 19 10 9 9 9 8 8 7 6 6 4 2 3 2 2 2 1 1
1482877618 1324 23 19 10 9 9 9 8 8 7 6 6 4 2 3 2 2 2 1 1
1482901766 1325 23 19 10 9 9 9 8 8 7 6 6 4 2 3 2 2 2 1 1
1482902997 1326 23 19 10 9 9 9 8 8 7 6 6 4 2 3 2 2 2 1 1
1482903857 1327 23 19 10 9 9 9 8 8 7 6 6 4 2 3 2 2 2 1 1
1482904474 1328 23 19 10 9 9 9 8 8 7 6 6 4 2 3 2 2 2 1 1
1482904475 1329 23 19 10 9 9 9 8 8 7 6 6 4 2 3 2 2 2 1 1
1483024473 1330 23 19 10 9 9 9 8 8 7 6 6 4 2 3 2 2 2 1 1
1483046384 1331 23 19 10 9 9 9 8 8 7 6 6 4 2 3 2 2 2 1 1
1483144578 1331 23 19 10 9 9 9 8 8 7 6 6 5 2 3 2 2 2 1 1
1483144597 1331 23 19 10 9 9 9 8 8 7 6 6 5 3 3 2 2 2 1 1
1483145209 1331 24 19 10 9 9 9 8 8 7 6 6 5 3 3 2 2 2 1 1
1483375082 1331 24 19 10 9 9 9 8 8 7 6 6 5 4 3 2 2 2 1 1
1483375542 1331 24 20 10 9 9 9 8 8 7 6 6 5 4 3 2 2 2 1 1
1483559032 1331 24 21 10 9 9 9 8 8 7 6 6 5 4 3 2 2 2 1 1
1483559042 1331 24 21 10 9 9 9 8 8 7 6 6 5 4 3 2 2 2 1 1
1483583873 1332 24 21 10 9 9 9 8 8 7 6 6 5 4 3 2 2 2 1 1
1483632953 1332 24 21 10 9 9 9 8 8 7 6 6 5 4 3 2 2 2 1 1
1483633048 1333 24 22 10 9 9 9 8 8 7 6 6 5 4 3 2 2 2 1 1
1483641973 1334 24 22 10 9 9 9 8 8 7 6 6 5 4 3 2 2 2 1 1
1483642090 1335 24 22 10 9 9 9 8 8 7 6 6 5 4 3 2 2 2 1 1
1483652070 1336 24 22 10 9 9 9 8 8 7 6 6 5 4 3 2 2 2 1 1
