1460342848 3671 0 0 0 0 0 0 0 0 0 0 0 0 0 0 0 0 0 0 0
1460342897 3672 0 0 0 0 0 0 0 0 0 0 0 0 0 0 0 0 0 0 0
1460346893 3693 0 0 0 0 0 0 0 0 0 0 0 0 0 0 0 0 0 0 0
1460348929 3734 0 0 0 0 0 0 0 0 0 0 0 0 0 0 0 0 0 0 0
1460349289 3768 0 0 0 0 0 0 0 0 0 0 0 0 0 0 0 0 0 0 0
1460349595 3804 0 0 0 0 0 0 0 0 0 0 0 0 0 0 0 0 0 0 0
1460350010 3811 0 0 0 0 0 0 0 0 0 0 0 0 0 0 0 0 0 0 0
1460350349 3811 0 0 0 0 0 0 0 0 0 0 0 0 0 0 0 0 0 0 0
1460350819 3813 0 0 0 0 0 0 0 0 0 0 0 0 0 0 0 0 0 0 0
1460355874 3844 0 0 0 0 0 0 0 0 0 0 0 0 0 0 0 0 0 0 0
1460361040 3848 0 0 0 0 0 0 0 0 0 0 0 0 0 0 0 0 0 0 0
1460363852 3887 0 0 0 0 0 0 0 0 0 0 0 0 0 0 0 0 0 0 0
1460406458 3901 0 0 0 0 0 0 0 0 0 0 0 0 0 0 0 0 0 0 0
1460411108 3917 0 0 0 0 0 0 0 0 0 0 0 0 0 0 0 0 0 0 0
1460415184 3953 0 0 0 0 0 0 0 0 0 0 0 0 0 0 0 0 0 0 0
1460423590 4042 0 0 0 0 0 0 0 0 0 0 0 0 0 0 0 0 0 0 0
1460427330 4101 0 0 0 0 0 0 0 0 0 0 0 0 0 0 0 0 0 0 0
1460427484 4108 0 0 0 0 0 0 0 0 0 0 0 0 0 0 0 0 0 0 0
1460429593 4130 0 0 0 0 0 0 0 0 0 0 0 0 0 0 0 0 0 0 0
1460488771 4193 0 0 0 0 0 0 0 0 0 0 0 0 0 0 0 0 0 0 0
1460494829 4264 0 0 0 0 0 0 0 0 0 0 0 0 0 0 0 0 0 0 0
1460496764 4284 0 0 0 0 0 0 0 0 0 0 0 0 0 0 0 0 0 0 0
1460498625 4312 0 0 0 0 0 0 0 0 0 0 0 0 0 0 0 0 0 0 0
1460499041 4319 0 0 0 0 0 0 0 0 0 0 0 0 0 0 0 0 0 0 0
1460499063 4319 0 0 0 0 0 0 0 0 0 0 0 0 0 0 0 0 0 0 0
1460500240 4466 0 0 0 0 0 0 0 0 0 0 0 0 0 0 0 0 0 0 0
1460502141 4467 0 0 0 0 0 0 0 0 0 0 0 0 0 0 0 0 0 0 0
1460502150 4684 0 0 0 0 0 0 0 0 0 0 0 0 0 0 0 0 0 0 0
1460502302 4687 0 0 0 0 0 0 0 0 0 0 0 0 0 0 0 0 0 0 0
1460504535 4703 0 0 0 0 0 0 0 0 0 0 0 0 0 0 0 0 0 0 0
1460506556 4706 0 0 0 0 0 0 0 0 0 0 0 0 0 0 0 0 0 0 0
1460507447 4708 0 0 0 0 0 0 0 0 0 0 0 0 0 0 0 0 0 0 0
1460507883 4719 0 0 0 0 0 0 0 0 0 0 0 0 0 0 0 0 0 0 0
1460508294 4726 0 0 0 0 0 0 0 0 0 0 0 0 0 0 0 0 0 0 0
1460510510 4886 0 0 0 0 0 0 0 0 0 0 0 0 0 0 0 0 0 0 0
1460511672 4950 0 0 0 0 0 0 0 0 0 0 0 0 0 0 0 0 0 0 0
1460511864 4952 0 0 0 0 0 0 0 0 0 0 0 0 0 0 0 0 0 0 0
1460513299 5072 0 0 0 0 0 0 0 0 0 0 0 0 0 0 0 0 0 0 0
1460514157 5094 0 0 0 0 0 0 0 0 0 0 0 0 0 0 0 0 0 0 0
1460515909 5163 0 0 0 0 0 0 0 0 0 0 0 0 0 0 0 0 0 0 0
1460516349 5168 0 0 0 0 0 0 0 0 0 0 0 0 0 0 0 0 0 0 0
1460516802 5179 0 0 0 0 0 0 0 0 0 0 0 0 0 0 0 0 0 0 0
1460517812 5231 0 0 0 0 0 0 0 0 0 0 0 0 0 0 0 0 0 0 0
1460531919 5256 0 0 0 0 0 0 0 0 0 0 0 0 0 0 0 0 0 0 0
1460533605 5305 0 0 0 0 0 0 0 0 0 0 0 0 0 0 0 0 0 0 0
1460536477 5519 0 0 0 0 0 0 0 0 0 0 0 0 0 0 0 0 0 0 0
1460542267 5533 0 0 0 0 0 0 0 0 0 0 0 0 0 0 0 0 0 0 0
1460543091 5579 0 0 0 0 0 0 0 0 0 0 0 0 0 0 0 0 0 0 0
1460544334 5609 0 0 0 0 0 0 0 0 0 0 0 0 0 0 0 0 0 0 0
1460573732 5688 0 0 0 0 0 0 0 0 0 0 0 0 0 0 0 0 0 0 0
1460579920 5833 0 0 0 0 0 0 0 0 0 0 0 0 0 0 0 0 0 0 0
1460584522 6031 0 0 0 0 0 0 0 0 0 0 0 0 0 0 0 0 0 0 0
1460585560 6076 0 0 0 0 0 0 0 0 0 0 0 0 0 0 0 0 0 0 0
1460585810 6078 0 0 0 0 0 0 0 0 0 0 0 0 0 0 0 0 0 0 0
1460586829 6153 0 0 0 0 0 0 0 0 0 0 0 0 0 0 0 0 0 0 0
1460587675 6170 0 0 0 0 0 0 0 0 0 0 0 0 0 0 0 0 0 0 0
1460593865 6230 0 0 0 0 0 0 0 0 0 0 0 0 0 0 0 0 0 0 0
1460594233 6234 0 0 0 0 0 0 0 0 0 0 0 0 0 0 0 0 0 0 0
1460595034 6251 0 0 0 0 0 0 0 0 0 0 0 0 0 0 0 0 0 0 0
1460595167 6254 0 0 0 0 0 0 0 0 0 0 0 0 0 0 0 0 0 0 0
1460595267 6259 0 0 0 0 0 0 0 0 0 0 0 0 0 0 0 0 0 0 0
1460595878 6261 0 0 0 0 0 0 0 0 0 0 0 0 0 0 0 0 0 0 0
1460609640 6265 0 0 0 0 0 0 0 0 0 0 0 0 0 0 0 0 0 0 0
1460610745 6275 0 0 0 0 0 0 0 0 0 0 0 0 0 0 0 0 0 0 0
1460611010 6277 0 0 0 0 0 0 0 0 0 0 0 0 0 0 0 0 0 0 0
1460625708 6446 0 0 0 0 0 0 0 0 0 0 0 0 0 0 0 0 0 0 0
1460626012 6449 0 0 0 0 0 0 0 0 0 0 0 0 0 0 0 0 0 0 0
1460626456 6459 0 0 0 0 0 0 0 0 0 0 0 0 0 0 0 0 0 0 0
1460626517 6461 0 0 0 0 0 0 0 0 0 0 0 0 0 0 0 0 0 0 0
1460630437 6464 0 0 0 0 0 0 0 0 0 0 0 0 0 0 0 0 0 0 0
1460631738 6497 0 0 0 0 0 0 0 0 0 0 0 0 0 0 0 0 0 0 0
1460632869 6529 0 0 0 0 0 0 0 0 0 0 0 0 0 0 0 0 0 0 0
1460633758 6598 0 0 0 0 0 0 0 0 0 0 0 0 0 0 0 0 0 0 0
1460635847 6652 0 0 0 0 0 0 0 0 0 0 0 0 0 0 0 0 0 0 0
1460635990 6652 0 0 0 0 0 0 0 0 0 0 0 0 0 0 0 0 0 0 0
1460638253 6696 0 0 0 0 0 0 0 0 0 0 0 0 0 0 0 0 0 0 0
1460638769 6698 0 0 0 0 0 0 0 0 0 0 0 0 0 0 0 0 0 0 0
1460639057 6716 0 0 0 0 0 0 0 0 0 0 0 0 0 0 0 0 0 0 0
1460641935 6728 0 0 0 0 0 0 0 0 0 0 0 0 0 0 0 0 0 0 0
1460642395 6737 0 0 0 0 0 0 0 0 0 0 0 0 0 0 0 0 0 0 0
1460643024 6751 0 0 0 0 0 0 0 0 0 0 0 0 0 0 0 0 0 0 0
1460658868 6757 0 0 0 0 0 0 0 0 0 0 0 0 0 0 0 0 0 0 0
1460668926 6785 0 0 0 0 0 0 0 0 0 0 0 0 0 0 0 0 0 0 0
1460672827 6812 0 0 0 0 0 0 0 0 0 0 0 0 0 0 0 0 0 0 0
1460677952 6849 0 0 0 0 0 0 0 0 0 0 0 0 0 0 0 0 0 0 0
1460684685 6893 0 0 0 0 0 0 0 0 0 0 0 0 0 0 0 0 0 0 0
1460684864 6896 0 0 0 0 0 0 0 0 0 0 0 0 0 0 0 0 0 0 0
1460686703 6899 0 0 0 0 0 0 0 0 0 0 0 0 0 0 0 0 0 0 0
1460687257 6909 0 0 0 0 0 0 0 0 0 0 0 0 0 0 0 0 0 0 0
1460688929 6926 0 0 0 0 0 0 0 0 0 0 0 0 0 0 0 0 0 0 0
1460743784 6940 0 0 0 0 0 0 0 0 0 0 0 0 0 0 0 0 0 0 0
1460745922 6985 0 0 0 0 0 0 0 0 0 0 0 0 0 0 0 0 0 0 0
1460748085 6986 0 0 0 0 0 0 0 0 0 0 0 0 0 0 0 0 0 0 0
1460748118 6987 0 0 0 0 0 0 0 0 0 0 0 0 0 0 0 0 0 0 0
1460748947 6989 0 0 0 0 0 0 0 0 0 0 0 0 0 0 0 0 0 0 0
1460748962 6992 0 0 0 0 0 0 0 0 0 0 0 0 0 0 0 0 0 0 0
1460751570 7003 0 0 0 0 0 0 0 0 0 0 0 0 0 0 0 0 0 0 0
1460751635 8275 0 0 0 0 0 0 0 0 0 0 0 0 0 0 0 0 0 0 0
1460754011 8305 0 0 0 0 0 0 0 0 0 0 0 0 0 0 0 0 0 0 0
1460754281 8311 0 0 0 0 0 0 0 0 0 0 0 0 0 0 0 0 0 0 0
1460754791 8350 0 0 0 0 0 0 0 0 0 0 0 0 0 0 0 0 0 0 0
1460756714 8351 0 0 0 0 0 0 0 0 0 0 0 0 0 0 0 0 0 0 0
1460757670 8360 0 0 0 0 0 0 0 0 0 0 0 0 0 0 0 0 0 0 0
1460759409 8452 0 0 0 0 0 0 0 0 0 0 0 0 0 0 0 0 0 0 0
1460759878 8471 0 0 0 0 0 0 0 0 0 0 0 0 0 0 0 0 0 0 0
1460763418 8493 0 0 0 0 0 0 0 0 0 0 0 0 0 0 0 0 0 0 0
1460769012 8612 0 0 0 0 0 0 0 0 0 0 0 0 0 0 0 0 0 0 0
1460770747 9929 0 0 0 0 0 0 0 0 0 0 0 0 0 0 0 0 0 0 0
1460771335 9930 0 0 0 0 0 0 0 0 0 0 0 0 0 0 0 0 0 0 0
1460771348 9994 0 0 0 0 0 0 0 0 0 0 0 0 0 0 0 0 0 0 0
1460772835 10004 0 0 0 0 0 0 0 0 0 0 0 0 0 0 0 0 0 0 0
1460773377 10016 0 0 0 0 0 0 0 0 0 0 0 0 0 0 0 0 0 0 0
1460774778 10031 0 0 0 0 0 0 0 0 0 0 0 0 0 0 0 0 0 0 0
1460776745 10051 0 0 0 0 0 0 0 0 0 0 0 0 0 0 0 0 0 0 0
1460777424 10075 0 0 0 0 0 0 0 0 0 0 0 0 0 0 0 0 0 0 0
1460779546 10102 0 0 0 0 0 0 0 0 0 0 0 0 0 0 0 0 0 0 0
1460779646 10104 0 0 0 0 0 0 0 0 0 0 0 0 0 0 0 0 0 0 0
1460780112 10115 0 0 0 0 0 0 0 0 0 0 0 0 0 0 0 0 0 0 0
1460786756 10140 0 0 0 0 0 0 0 0 0 0 0 0 0 0 0 0 0 0 0
1460787436 10142 0 0 0 0 0 0 0 0 0 0 0 0 0 0 0 0 0 0 0
1460787570 10142 0 0 0 0 0 0 0 0 0 0 0 0 0 0 0 0 0 0 0
1460788204 10146 0 0 0 0 0 0 0 0 0 0 0 0 0 0 0 0 0 0 0
1460789088 10159 0 0 0 0 0 0 0 0 0 0 0 0 0 0 0 0 0 0 0
1460790428 10163 0 0 0 0 0 0 0 0 0 0 0 0 0 0 0 0 0 0 0
1460790503 10186 0 0 0 0 0 0 0 0 0 0 0 0 0 0 0 0 0 0 0
1460793202 10188 0 0 0 0 0 0 0 0 0 0 0 0 0 0 0 0 0 0 0
1460793644 10197 0 0 0 0 0 0 0 0 0 0 0 0 0 0 0 0 0 0 0
1460794357 10799 0 0 0 0 0 0 0 0 0 0 0 0 0 0 0 0 0 0 0
1460827577 10890 0 0 0 0 0 0 0 0 0 0 0 0 0 0 0 0 0 0 0
1460827706 10893 0 0 0 0 0 0 0 0 0 0 0 0 0 0 0 0 0 0 0
1460831244 10949 0 0 0 0 0 0 0 0 0 0 0 0 0 0 0 0 0 0 0
1460831376 10951 0 0 0 0 0 0 0 0 0 0 0 0 0 0 0 0 0 0 0
1460831891 10982 0 0 0 0 0 0 0 0 0 0 0 0 0 0 0 0 0 0 0
1460837685 10994 0 0 0 0 0 0 0 0 0 0 0 0 0 0 0 0 0 0 0
1460841492 11061 0 0 0 0 0 0 0 0 0 0 0 0 0 0 0 0 0 0 0
1460842447 11069 0 0 0 0 0 0 0 0 0 0 0 0 0 0 0 0 0 0 0
1460845295 11122 0 0 0 0 0 0 0 0 0 0 0 0 0 0 0 0 0 0 0
1460845755 11130 0 0 0 0 0 0 0 0 0 0 0 0 0 0 0 0 0 0 0
1460845816 11131 0 0 0 0 0 0 0 0 0 0 0 0 0 0 0 0 0 0 0
1460845868 11133 0 0 0 0 0 0 0 0 0 0 0 0 0 0 0 0 0 0 0
1460846506 11156 0 0 0 0 0 0 0 0 0 0 0 0 0 0 0 0 0 0 0
1460847209 11333 0 0 0 0 0 0 0 0 0 0 0 0 0 0 0 0 0 0 0
1460847381 11335 0 0 0 0 0 0 0 0 0 0 0 0 0 0 0 0 0 0 0
1460852699 11543 0 0 0 0 0 0 0 0 0 0 0 0 0 0 0 0 0 0 0
1460861072 11591 0 0 0 0 0 0 0 0 0 0 0 0 0 0 0 0 0 0 0
1460861490 11610 0 0 0 0 0 0 0 0 0 0 0 0 0 0 0 0 0 0 0
1460863239 11623 0 0 0 0 0 0 0 0 0 0 0 0 0 0 0 0 0 0 0
1460863244 11623 0 0 0 0 0 0 0 0 0 0 0 0 0 0 0 0 0 0 0
1460874760 11624 0 0 0 0 0 0 0 0 0 0 0 0 0 0 0 0 0 0 0
1460917606 11639 0 0 0 0 0 0 0 0 0 0 0 0 0 0 0 0 0 0 0
1460918818 11656 0 0 0 0 0 0 0 0 0 0 0 0 0 0 0 0 0 0 0
1460921418 11733 0 0 0 0 0 0 0 0 0 0 0 0 0 0 0 0 0 0 0
1460921480 11733 0 0 0 0 0 0 0 0 0 0 0 0 0 0 0 0 0 0 0
1460921653 11733 0 0 0 0 0 0 0 0 0 0 0 0 0 0 0 0 0 0 0
1460927108 11800 0 0 0 0 0 0 0 0 0 0 0 0 0 0 0 0 0 0 0
1460928501 11806 0 0 0 0 0 0 0 0 0 0 0 0 0 0 0 0 0 0 0
1460931260 11823 0 0 0 0 0 0 0 0 0 0 0 0 0 0 0 0 0 0 0
1460934042 11859 0 0 0 0 0 0 0 0 0 0 0 0 0 0 0 0 0 0 0
1460934209 11869 0 0 0 0 0 0 0 0 0 0 0 0 0 0 0 0 0 0 0
1460937012 11936 0 0 0 0 0 0 0 0 0 0 0 0 0 0 0 0 0 0 0
1460938243 12181 0 0 0 0 0 0 0 0 0 0 0 0 0 0 0 0 0 0 0
1460938494 12186 0 0 0 0 0 0 0 0 0 0 0 0 0 0 0 0 0 0 0
1460943200 12190 0 0 0 0 0 0 0 0 0 0 0 0 0 0 0 0 0 0 0
1460945660 12203 0 0 0 0 0 0 0 0 0 0 0 0 0 0 0 0 0 0 0
1460946460 12213 0 0 0 0 0 0 0 0 0 0 0 0 0 0 0 0 0 0 0
1460947030 12240 0 0 0 0 0 0 0 0 0 0 0 0 0 0 0 0 0 0 0
1460947494 12258 0 0 0 0 0 0 0 0 0 0 0 0 0 0 0 0 0 0 0
1460948408 12290 0 0 0 0 0 0 0 0 0 0 0 0 0 0 0 0 0 0 0
1460951203 12366 0 0 0 0 0 0 0 0 0 0 0 0 0 0 0 0 0 0 0
1460951791 12369 0 0 0 0 0 0 0 0 0 0 0 0 0 0 0 0 0 0 0
1460952822 12385 0 0 0 0 0 0 0 0 0 0 0 0 0 0 0 0 0 0 0
1460955421 12386 0 0 0 0 0 0 0 0 0 0 0 0 0 0 0 0 0 0 0
1460957218 12433 0 0 0 0 0 0 0 0 0 0 0 0 0 0 0 0 0 0 0
1460957347 12434 0 0 0 0 0 0 0 0 0 0 0 0 0 0 0 0 0 0 0
1461001238 12439 0 0 0 0 0 0 0 0 0 0 0 0 0 0 0 0 0 0 0
1461001286 12440 0 0 0 0 0 0 0 0 0 0 0 0 0 0 0 0 0 0 0
1461003976 12472 0 0 0 0 0 0 0 0 0 0 0 0 0 0 0 0 0 0 0
1461004342 12487 0 0 0 0 0 0 0 0 0 0 0 0 0 0 0 0 0 0 0
1461009001 12554 0 0 0 0 0 0 0 0 0 0 0 0 0 0 0 0 0 0 0
1461012288 12606 0 0 0 0 0 0 0 0 0 0 0 0 0 0 0 0 0 0 0
1461014004 12608 0 0 0 0 0 0 0 0 0 0 0 0 0 0 0 0 0 0 0
1461014029 12609 0 0 0 0 0 0 0 0 0 0 0 0 0 0 0 0 0 0 0
1461017141 12637 0 0 0 0 0 0 0 0 0 0 0 0 0 0 0 0 0 0 0
1461017848 12678 0 0 0 0 0 0 0 0 0 0 0 0 0 0 0 0 0 0 0
1461019473 12697 0 0 0 0 0 0 0 0 0 0 0 0 0 0 0 0 0 0 0
1461025457 12725 0 0 0 0 0 0 0 0 0 0 0 0 0 0 0 0 0 0 0
1461032268 12920 0 0 0 0 0 0 0 0 0 0 0 0 0 0 0 0 0 0 0
1461032353 12925 0 0 0 0 0 0 0 0 0 0 0 0 0 0 0 0 0 0 0
1461032543 12933 0 0 0 0 0 0 0 0 0 0 0 0 0 0 0 0 0 0 0
1461033379 12935 0 0 0 0 0 0 0 0 0 0 0 0 0 0 0 0 0 0 0
1461033667 12936 0 0 0 0 0 0 0 0 0 0 0 0 0 0 0 0 0 0 0
1461033811 12937 0 0 0 0 0 0 0 0 0 0 0 0 0 0 0 0 0 0 0
1461040300 12986 0 0 0 0 0 0 0 0 0 0 0 0 0 0 0 0 0 0 0
1461041120 12992 0 0 0 0 0 0 0 0 0 0 0 0 0 0 0 0 0 0 0
1461052372 12994 0 0 0 0 0 0 0 0 0 0 0 0 0 0 0 0 0 0 0
1461052378 13071 0 0 0 0 0 0 0 0 0 0 0 0 0 0 0 0 0 0 0
1461053132 13081 0 0 0 0 0 0 0 0 0 0 0 0 0 0 0 0 0 0 0
1461054056 13110 0 0 0 0 0 0 0 0 0 0 0 0 0 0 0 0 0 0 0
1461054129 13150 0 0 0 0 0 0 0 0 0 0 0 0 0 0 0 0 0 0 0
1461054319 13151 0 0 0 0 0 0 0 0 0 0 0 0 0 0 0 0 0 0 0
1461078201 13160 0 0 0 0 0 0 0 0 0 0 0 0 0 0 0 0 0 0 0
1461078477 13172 0 0 0 0 0 0 0 0 0 0 0 0 0 0 0 0 0 0 0
1461085483 13173 0 0 0 0 0 0 0 0 0 0 0 0 0 0 0 0 0 0 0
1461085495 13174 0 0 0 0 0 0 0 0 0 0 0 0 0 0 0 0 0 0 0
1461093013 13174 0 0 0 0 0 0 0 0 0 0 0 0 0 0 0 0 0 0 0
1461099850 13177 0 0 0 0 0 0 0 0 0 0 0 0 0 0 0 0 0 0 0
1461101184 13344 0 0 0 0 0 0 0 0 0 0 0 0 0 0 0 0 0 0 0
1461102037 13382 0 0 0 0 0 0 0 0 0 0 0 0 0 0 0 0 0 0 0
1461108666 13537 0 0 0 0 0 0 0 0 0 0 0 0 0 0 0 0 0 0 0
1461108699 13670 0 0 0 0 0 0 0 0 0 0 0 0 0 0 0 0 0 0 0
1461109515 13674 0 0 0 0 0 0 0 0 0 0 0 0 0 0 0 0 0 0 0
1461111227 13759 0 0 0 0 0 0 0 0 0 0 0 0 0 0 0 0 0 0 0
1461119200 13814 0 0 0 0 0 0 0 0 0 0 0 0 0 0 0 0 0 0 0
1461120968 13826 0 0 0 0 0 0 0 0 0 0 0 0 0 0 0 0 0 0 0
1461121564 13832 0 0 0 0 0 0 0 0 0 0 0 0 0 0 0 0 0 0 0
1461122327 13847 0 0 0 0 0 0 0 0 0 0 0 0 0 0 0 0 0 0 0
1461124428 13917 0 0 0 0 0 0 0 0 0 0 0 0 0 0 0 0 0 0 0
1461125553 13928 0 0 0 0 0 0 0 0 0 0 0 0 0 0 0 0 0 0 0
1461125909 14006 0 0 0 0 0 0 0 0 0 0 0 0 0 0 0 0 0 0 0
1461172667 14020 0 0 0 0 0 0 0 0 0 0 0 0 0 0 0 0 0 0 0
1461173237 14035 0 0 0 0 0 0 0 0 0 0 0 0 0 0 0 0 0 0 0
1461176794 14169 0 0 0 0 0 0 0 0 0 0 0 0 0 0 0 0 0 0 0
1461177199 14170 0 0 0 0 0 0 0 0 0 0 0 0 0 0 0 0 0 0 0
1461177342 14171 0 0 0 0 0 0 0 0 0 0 0 0 0 0 0 0 0 0 0
1461179205 14172 0 0 0 0 0 0 0 0 0 0 0 0 0 0 0 0 0 0 0
1461181994 14176 0 0 0 0 0 0 0 0 0 0 0 0 0 0 0 0 0 0 0
1461187087 14363 0 0 0 0 0 0 0 0 0 0 0 0 0 0 0 0 0 0 0
1461187383 14367 0 0 0 0 0 0 0 0 0 0 0 0 0 0 0 0 0 0 0
1461187921 14427 0 0 0 0 0 0 0 0 0 0 0 0 0 0 0 0 0 0 0
1461190721 14483 0 0 0 0 0 0 0 0 0 0 0 0 0 0 0 0 0 0 0
1461190772 14484 0 0 0 0 0 0 0 0 0 0 0 0 0 0 0 0 0 0 0
1461191244 14528 0 0 0 0 0 0 0 0 0 0 0 0 0 0 0 0 0 0 0
1461191399 14550 0 0 0 0 0 0 0 0 0 0 0 0 0 0 0 0 0 0 0
1461205977 14551 0 0 0 0 0 0 0 0 0 0 0 0 0 0 0 0 0 0 0
1461205987 14555 0 0 0 0 0 0 0 0 0 0 0 0 0 0 0 0 0 0 0
1461206063 14556 0 0 0 0 0 0 0 0 0 0 0 0 0 0 0 0 0 0 0
1461211711 14557 0 0 0 0 0 0 0 0 0 0 0 0 0 0 0 0 0 0 0
1461213751 14568 0 0 0 0 0 0 0 0 0 0 0 0 0 0 0 0 0 0 0
1461219115 14652 0 0 0 0 0 0 0 0 0 0 0 0 0 0 0 0 0 0 0
1461219766 14682 0 0 0 0 0 0 0 0 0 0 0 0 0 0 0 0 0 0 0
1461220425 14688 0 0 0 0 0 0 0 0 0 0 0 0 0 0 0 0 0 0 0
1461221114 14710 0 0 0 0 0 0 0 0 0 0 0 0 0 0 0 0 0 0 0
1461227066 14723 0 0 0 0 0 0 0 0 0 0 0 0 0 0 0 0 0 0 0
1461227661 14739 0 0 0 0 0 0 0 0 0 0 0 0 0 0 0 0 0 0 0
1461228273 14753 0 0 0 0 0 0 0 0 0 0 0 0 0 0 0 0 0 0 0
1461228505 14754 0 0 0 0 0 0 0 0 0 0 0 0 0 0 0 0 0 0 0
1461228668 14756 0 0 0 0 0 0 0 0 0 0 0 0 0 0 0 0 0 0 0
1461231914 14759 0 0 0 0 0 0 0 0 0 0 0 0 0 0 0 0 0 0 0
1461233737 14765 0 0 0 0 0 0 0 0 0 0 0 0 0 0 0 0 0 0 0
1461234542 14790 0 0 0 0 0 0 0 0 0 0 0 0 0 0 0 0 0 0 0
1461234663 14792 0 0 0 0 0 0 0 0 0 0 0 0 0 0 0 0 0 0 0
1461254287 14793 0 0 0 0 0 0 0 0 0 0 0 0 0 0 0 0 0 0 0
1461256632 14846 0 0 0 0 0 0 0 0 0 0 0 0 0 0 0 0 0 0 0
1461256842 14848 0 0 0 0 0 0 0 0 0 0 0 0 0 0 0 0 0 0 0
1461262812 14922 0 0 0 0 0 0 0 0 0 0 0 0 0 0 0 0 0 0 0
1461264883 14927 0 0 0 0 0 0 0 0 0 0 0 0 0 0 0 0 0 0 0
1461266734 14929 0 0 0 0 0 0 0 0 0 0 0 0 0 0 0 0 0 0 0
1461267075 14930 0 0 0 0 0 0 0 0 0 0 0 0 0 0 0 0 0 0 0
1461270029 15029 0 0 0 0 0 0 0 0 0 0 0 0 0 0 0 0 0 0 0
1461271651 15104 0 0 0 0 0 0 0 0 0 0 0 0 0 0 0 0 0 0 0
1461272623 15116 0 0 0 0 0 0 0 0 0 0 0 0 0 0 0 0 0 0 0
1461273054 15152 0 0 0 0 0 0 0 0 0 0 0 0 0 0 0 0 0 0 0
1461273778 15251 0 0 0 0 0 0 0 0 0 0 0 0 0 0 0 0 0 0 0
1461274204 15252 0 0 0 0 0 0 0 0 0 0 0 0 0 0 0 0 0 0 0
1461274431 15277 0 0 0 0 0 0 0 0 0 0 0 0 0 0 0 0 0 0 0
1461275674 15360 0 0 0 0 0 0 0 0 0 0 0 0 0 0 0 0 0 0 0
1461276128 15423 0 0 0 0 0 0 0 0 0 0 0 0 0 0 0 0 0 0 0
1461277149 15527 0 0 0 0 0 0 0 0 0 0 0 0 0 0 0 0 0 0 0
1461280993 15746 0 0 0 0 0 0 0 0 0 0 0 0 0 0 0 0 0 0 0
1461281063 15746 0 0 0 0 0 0 0 0 0 0 0 0 0 0 0 0 0 0 0
1461281375 15749 0 0 0 0 0 0 0 0 0 0 0 0 0 0 0 0 0 0 0
1461292863 15754 0 0 0 0 0 0 0 0 0 0 0 0 0 0 0 0 0 0 0
1461294010 15838 0 0 0 0 0 0 0 0 0 0 0 0 0 0 0 0 0 0 0
1461294947 15842 0 0 0 0 0 0 0 0 0 0 0 0 0 0 0 0 0 0 0
1461345677 15882 0 0 0 0 0 0 0 0 0 0 0 0 0 0 0 0 0 0 0
1461348370 15896 0 0 0 0 0 0 0 0 0 0 0 0 0 0 0 0 0 0 0
1461349127 15906 0 0 0 0 0 0 0 0 0 0 0 0 0 0 0 0 0 0 0
1461350040 15910 0 0 0 0 0 0 0 0 0 0 0 0 0 0 0 0 0 0 0
1461351524 16011 0 0 0 0 0 0 0 0 0 0 0 0 0 0 0 0 0 0 0
1461353222 16012 0 0 0 0 0 0 0 0 0 0 0 0 0 0 0 0 0 0 0
1461353779 16023 0 0 0 0 0 0 0 0 0 0 0 0 0 0 0 0 0 0 0
1461354842 16027 0 0 0 0 0 0 0 0 0 0 0 0 0 0 0 0 0 0 0
1461382793 16073 0 0 0 0 0 0 0 0 0 0 0 0 0 0 0 0 0 0 0
1461384802 16078 0 0 0 0 0 0 0 0 0 0 0 0 0 0 0 0 0 0 0
1461385871 16078 0 0 0 0 0 0 0 0 0 0 0 0 0 0 0 0 0 0 0
1461387686 16091 0 0 0 0 0 0 0 0 0 0 0 0 0 0 0 0 0 0 0
1461389196 16120 0 0 0 0 0 0 0 0 0 0 0 0 0 0 0 0 0 0 0
1461432571 16130 0 0 0 0 38 0 0 0 0 0 0 0 0 0 0 0 0 0 0
1461433067 16147 0 0 0 0 38 0 0 0 0 0 0 0 0 0 0 0 0 0 0
1461442339 16403 0 0 0 0 38 0 0 0 0 0 0 0 0 0 0 0 0 0 0
1461442553 16404 0 0 0 0 38 0 0 0 0 0 0 0 0 0 0 0 0 0 0
1461445064 16456 0 0 0 0 38 0 0 0 0 0 0 0 0 0 0 0 0 0 0
1461445603 16461 0 0 0 0 38 0 0 0 0 0 0 0 0 0 0 0 0 0 0
1461456038 16738 0 0 0 0 38 0 0 0 0 0 0 0 0 0 0 0 0 0 0
1461490201 16778 0 0 0 0 39 0 0 0 0 0 0 0 0 0 0 0 0 0 0
1461518978 16785 0 0 0 0 39 0 0 0 0 0 0 0 0 0 0 0 0 0 0
1461523175 16792 0 0 0 0 39 0 0 0 0 0 0 0 0 0 0 0 0 0 0
1461523773 16799 0 0 0 0 39 0 0 0 0 0 0 0 0 0 0 0 0 0 0
1461525260 16917 0 0 0 0 39 0 0 0 0 0 0 0 0 0 0 0 0 0 0
1461531025 16920 0 0 0 0 39 0 0 0 0 0 0 0 0 0 0 0 0 0 0
1461531477 16921 0 0 0 0 39 0 0 0 0 0 0 0 0 0 0 0 0 0 0
1461532354 16921 0 0 0 0 39 0 0 0 0 0 0 0 0 0 0 0 0 0 0
1461532605 16922 0 0 0 0 39 0 0 0 0 0 0 0 0 0 0 0 0 0 0
1461534826 16929 0 0 0 0 39 0 0 0 0 0 0 0 0 0 0 0 0 0 0
1461535099 16954 0 0 0 0 39 0 0 0 0 0 0 0 0 0 0 0 0 0 0
1461540257 17026 0 0 0 0 39 0 0 0 0 0 0 0 0 0 0 0 0 0 0
1461549715 17075 0 0 0 0 39 0 0 0 0 0 0 0 0 0 0 0 0 0 0
1461552778 17134 0 0 0 0 39 0 0 0 0 0 0 0 0 0 0 0 0 0 0
1461553599 17159 0 0 0 0 39 0 0 0 0 0 0 0 0 0 0 0 0 0 0
1461555067 17197 0 0 0 0 39 0 0 0 0 0 0 0 0 0 0 0 0 0 0
1461555733 17223 0 0 0 0 39 0 0 0 0 0 0 0 0 0 0 0 0 0 0
1461556426 17226 0 0 0 0 39 0 0 0 0 0 0 0 0 0 0 0 0 0 0
1461556433 17232 0 0 0 0 39 0 0 0 0 0 0 0 0 0 0 0 0 0 0
1461557193 17262 0 0 0 0 39 0 0 0 0 0 0 0 0 0 0 0 0 0 0
1461602779 17262 0 0 0 0 264 0 0 0 0 0 0 0 0 0 0 0 0 0 0
1461603517 17295 0 0 0 0 264 0 0 0 0 0 0 0 0 0 0 0 0 0 0
1461603737 17295 0 0 0 0 408 0 0 0 0 0 0 0 0 0 0 0 0 0 0
1461604679 17345 0 0 0 0 408 0 0 0 0 0 0 0 0 0 0 0 0 0 0
1461605839 17471 0 0 0 0 408 0 0 0 0 0 0 0 0 0 0 0 0 0 0
1461606202 17476 0 0 0 0 408 0 0 0 0 0 0 0 0 0 0 0 0 0 0
1461606268 17479 0 0 0 0 408 0 0 0 0 0 0 0 0 0 0 0 0 0 0
1461616640 17671 0 0 0 0 408 0 0 0 0 0 0 0 0 0 0 0 0 0 0
1461617010 17694 0 0 0 0 408 0 0 0 0 0 0 0 0 0 0 0 0 0 0
1461617142 17695 0 0 0 0 408 0 0 0 0 0 0 0 0 0 0 0 0 0 0
1461618946 17704 0 0 0 0 408 0 0 0 0 0 0 0 0 0 0 0 0 0 0
1461625833 17947 0 0 0 0 408 0 0 0 0 0 0 0 0 0 0 0 0 0 0
1461626127 17953 0 0 0 0 408 0 0 0 0 0 0 0 0 0 0 0 0 0 0
1461626459 17956 0 0 0 0 408 0 0 0 0 0 0 0 0 0 0 0 0 0 0
1461627033 17960 0 0 0 0 408 0 0 0 0 0 0 0 0 0 0 0 0 0 0
1461634198 18040 0 0 0 0 408 0 0 0 0 0 0 0 0 0 0 0 0 0 0
1461637396 18121 0 0 0 0 408 0 0 0 0 0 0 0 0 0 0 0 0 0 0
1461640186 18141 0 0 0 0 408 0 0 0 0 0 0 0 0 0 0 0 0 0 0
1461641159 18141 0 0 0 0 719 0 0 0 0 0 0 0 0 0 0 0 0 0 0
1461641448 18156 0 0 0 0 719 0 0 0 0 0 0 0 0 0 0 0 0 0 0
1461641569 18158 0 0 0 0 719 0 0 0 0 0 0 0 0 0 0 0 0 0 0
1461641789 18169 0 0 0 0 719 0 0 0 0 0 0 0 0 0 0 0 0 0 0
1461641952 18181 0 0 0 0 719 0 0 0 0 0 0 0 0 0 0 0 0 0 0
1461645769 18210 0 0 0 0 719 0 0 0 0 0 0 0 0 0 0 0 0 0 0
1461646034 18211 0 0 0 0 719 0 0 0 0 0 0 0 0 0 0 0 0 0 0
1461647134 18212 0 0 0 0 719 0 0 0 0 0 0 0 0 0 0 0 0 0 0
1461647359 18213 0 0 0 0 719 0 0 0 0 0 0 0 0 0 0 0 0 0 0
1461683037 18219 0 0 0 0 719 0 0 0 0 0 0 0 0 0 0 0 0 0 0
1461683411 18219 0 0 0 0 719 0 0 0 0 0 0 0 0 0 0 0 0 0 0
1461690073 18226 0 0 0 0 719 0 0 0 0 0 0 0 0 0 0 0 0 0 0
1461690793 18227 0 0 0 0 719 0 0 0 0 0 0 0 0 0 0 0 0 0 0
1461691195 18230 0 0 0 0 719 0 0 0 0 0 0 0 0 0 0 0 0 0 0
1461691767 34172 0 0 0 0 719 0 0 0 0 0 0 0 0 0 0 0 0 0 0
1461711744 34172 0 0 0 0 719 0 0 0 0 0 0 0 0 0 0 0 0 0 0
1461735281 35275 0 0 0 0 719 0 0 0 0 0 0 0 0 0 0 0 0 0 0
1461744404 35295 0 0 0 0 719 0 0 0 0 0 0 0 0 0 0 0 0 0 0
1461749261 35311 0 0 0 0 719 0 0 0 0 0 0 0 0 0 0 0 0 0 0
1461776830 35311 0 0 106 0 719 0 0 0 0 0 0 0 0 0 0 0 0 0 0
1461776845 35311 0 0 106 0 842 0 0 0 0 0 0 0 0 0 0 0 0 0 0
1461777181 35333 0 0 106 0 842 0 0 0 0 0 0 0 0 0 0 0 0 0 0
1461777545 35343 0 0 106 0 842 0 0 0 0 0 0 0 0 0 0 0 0 0 0
1461780838 35344 0 0 106 0 842 0 0 0 0 0 0 0 0 0 0 0 0 0 0
1461784937 35344 0 0 106 0 842 0 0 0 0 0 0 0 0 0 0 0 0 0 0
1461890676 35344 0 0 106 1 842 0 0 0 0 0 0 0 0 0 0 0 0 0 0
1461890692 35344 0 0 106 4 842 0 0 0 0 0 0 0 0 0 0 0 0 0 0
1461890714 35344 0 0 106 11 842 0 0 0 0 0 0 0 0 0 0 0 0 0 0
1461890724 35344 0 0 106 14 842 0 0 0 0 0 0 0 0 0 0 0 0 0 0
1461891260 35344 0 0 106 171 842 0 0 0 0 0 0 0 0 0 0 0 0 0 0
1461899891 35368 0 0 106 171 842 0 0 0 0 0 0 0 0 0 0 0 0 0 0
1461906179 35377 0 0 106 171 842 0 0 0 0 0 0 0 0 0 0 0 0 0 0
1461951660 35383 0 0 106 171 842 0 0 0 0 0 0 0 0 0 0 0 0 0 0
1461954576 35433 0 0 106 171 842 0 0 0 0 0 0 0 0 0 0 0 0 0 0
1461960319 35437 0 0 106 171 842 0 0 0 0 0 0 0 0 0 0 0 0 0 0
1461960552 35544 0 0 106 171 842 0 0 0 0 0 0 0 0 0 0 0 0 0 0
1461969592 35551 0 0 106 171 842 0 0 0 0 0 0 0 0 0 0 0 0 0 0
1461969740 35564 0 0 106 171 842 0 0 0 0 0 0 0 0 0 0 0 0 0 0
1461972369 35908 0 0 106 171 842 0 0 0 0 0 0 0 0 0 0 0 0 0 0
1461972692 35908 0 0 106 171 842 0 0 0 0 0 0 0 0 0 0 0 0 0 0
1461973253 35934 0 0 106 171 842 0 0 0 0 0 0 0 0 0 0 0 0 0 0
1461973450 35936 0 0 106 171 842 0 0 0 0 0 0 0 0 0 0 0 0 0 0
1461974453 35989 0 0 106 171 842 0 0 0 0 0 0 0 0 0 0 0 0 0 0
1461974922 35998 0 0 106 171 842 0 0 0 0 0 0 0 0 0 0 0 0 0 0
1461975121 35999 0 0 106 171 842 0 0 0 0 0 0 0 0 0 0 0 0 0 0
1462347406 35999 0 0 106 171 842 0 0 0 0 0 0 0 0 0 0 0 0 0 0
1462376176 35999 0 0 106 171 842 0 0 0 0 0 0 0 0 0 0 5 0 0 0
1462394820 36008 0 0 106 171 842 0 0 0 0 0 0 0 0 0 0 5 0 0 0
1462394927 36010 0 0 106 171 842 0 0 0 0 0 0 0 0 0 0 5 0 0 0
1462473990 36020 0 0 106 171 842 0 0 0 0 0 0 0 0 0 0 5 0 0 0
1462477596 36046 0 0 106 171 842 0 0 0 0 0 0 0 0 0 0 5 0 0 0
1462489692 36046 0 0 141 171 842 0 0 0 0 0 0 0 0 0 0 5 0 0 0
1462489875 36051 0 0 141 171 842 0 0 0 0 0 0 0 0 0 0 5 0 0 0
1462564298 36055 0 0 323 171 842 0 0 0 0 0 0 0 0 0 0 5 0 0 0
1462645243 36055 0 0 357 171 842 0 0 0 0 0 0 0 0 0 0 5 0 0 0
1462648123 36055 0 0 365 171 842 0 0 0 0 0 0 0 0 0 0 5 0 0 0
1462650706 36055 0 0 365 171 842 0 0 0 0 0 0 0 0 0 0 211 0 0 0
1462652853 36093 0 0 365 171 842 0 0 0 0 0 0 0 0 0 0 211 0 0 0
1462659029 36102 0 0 365 171 842 0 0 0 0 0 0 0 0 0 0 211 0 0 0
1462659539 36128 0 0 365 171 842 0 0 0 0 0 0 0 0 0 0 211 0 0 0
1462674138 36129 0 0 365 171 842 0 0 0 0 0 0 0 0 0 0 211 0 0 0
1462674373 36135 0 0 365 171 842 0 0 0 0 0 0 0 0 0 0 211 0 0 0
1462680776 36136 0 0 365 171 842 0 0 0 0 0 0 0 0 0 0 211 0 0 0
1462680884 36138 0 0 365 171 842 0 0 0 0 0 0 0 0 0 0 211 0 0 0
1462682622 36426 0 0 365 171 842 0 0 0 0 0 0 0 0 0 0 211 0 0 0
1462682783 36427 0 0 365 171 842 0 0 0 0 0 0 0 0 0 0 211 0 0 0
1462683509 36428 0 0 365 171 842 0 0 0 0 0 0 0 0 0 0 211 0 0 0
1462733471 36428 0 0 365 171 842 0 0 0 0 0 0 0 0 0 0 211 0 0 0
1462734144 36434 0 0 365 171 842 0 0 0 0 0 0 0 0 0 0 211 0 0 0
1462738902 36465 0 0 365 171 842 0 0 0 0 0 0 0 0 0 0 211 0 0 0
1462741192 36504 0 0 365 171 842 0 0 0 0 0 0 0 0 0 0 211 0 0 0
1462742833 36535 0 0 365 171 842 0 0 0 0 0 0 0 0 0 0 211 0 0 0
1462743119 36535 0 0 365 171 842 0 0 0 0 0 0 0 0 0 0 211 0 0 0
1462745479 36571 0 0 365 171 842 0 0 0 0 0 0 0 0 0 0 211 0 0 0
1462819378 36577 0 0 365 171 842 0 0 0 0 0 0 0 0 0 0 211 0 0 0
1462829487 36581 0 0 365 171 842 0 0 0 0 0 0 0 0 0 0 211 0 0 0
1462831698 36859 0 0 365 171 842 0 0 0 0 0 0 0 0 0 0 211 0 0 0
1462832779 36874 0 0 365 171 842 0 0 0 0 0 0 0 0 0 0 211 0 0 0
1462832789 36891 0 0 365 171 842 0 0 0 0 0 0 0 0 0 0 211 0 0 0
1462893960 36896 0 0 365 171 842 0 0 0 0 0 0 0 0 0 0 211 0 0 0
1462898563 36896 0 0 365 182 842 0 0 0 0 0 0 0 0 0 0 211 0 0 0
1462904795 36900 0 0 365 182 842 0 0 0 0 0 0 0 0 0 0 211 0 0 0
1462917810 36920 0 0 365 182 842 0 0 0 0 0 0 0 0 0 0 211 0 0 0
1462986016 36924 0 0 365 182 842 0 0 0 0 0 0 0 0 0 0 211 0 0 0
1462995650 37017 0 0 365 182 842 0 0 0 0 0 0 0 0 0 0 211 0 0 0
1463007075 37030 0 0 365 182 842 0 0 0 0 0 0 0 0 0 0 211 0 0 0
1463008307 37039 0 0 365 182 842 0 0 0 0 0 0 0 0 0 0 211 0 0 0
1463011398 37057 0 0 365 182 842 0 0 0 0 0 0 0 0 0 0 211 0 0 0
1463021859 37058 0 0 365 182 842 0 0 0 0 0 0 0 0 0 0 211 0 0 0
1463022000 37062 0 0 365 182 842 0 0 0 0 0 0 0 0 0 0 211 0 0 0
1463030513 37062 0 0 524 182 842 0 0 0 0 0 0 0 0 0 0 211 0 0 0
1463031650 37062 320 0 524 182 842 0 0 0 0 0 0 0 0 0 0 211 0 0 0
1463032561 37081 320 0 524 182 842 0 0 0 0 0 0 0 0 0 0 211 0 0 0
1463033618 37081 320 0 677 182 842 0 0 0 0 0 0 0 0 0 0 211 0 0 0
1463035751 37145 320 0 677 182 842 0 0 0 0 0 0 0 0 0 0 211 0 0 0
1463070894 37165 320 0 677 182 842 0 0 0 0 0 0 0 0 0 0 211 0 0 0
1463074590 37167 320 0 677 182 842 0 0 0 0 0 0 0 0 0 0 211 0 0 0
1463075231 37170 320 0 677 182 842 0 0 0 0 0 0 0 0 0 0 211 0 0 0
1463076373 37242 320 0 677 182 842 0 0 0 0 0 0 0 0 0 0 211 0 0 0
1463076818 37256 320 0 677 182 842 0 0 0 0 0 0 0 0 0 0 211 0 0 0
1463086176 37264 320 0 677 182 842 0 0 0 0 0 0 0 0 0 0 211 0 0 0
1463086183 37287 320 0 677 182 842 0 0 0 0 0 0 0 0 0 0 211 0 0 0
1463094818 37501 320 0 677 182 842 0 0 0 0 0 0 0 0 0 0 211 0 0 0
1463097196 37529 320 0 677 182 842 0 0 0 0 0 0 0 0 0 0 211 0 0 0
1463099776 37639 320 0 677 182 842 0 0 0 0 0 0 0 0 0 0 211 0 0 0
1463102543 37738 320 0 677 182 842 0 0 0 0 0 0 0 0 0 0 211 0 0 0
1463166304 37738 320 0 677 182 842 0 0 0 0 0 0 0 0 0 0 211 0 0 0
1463178604 38072 320 0 677 182 842 0 0 0 0 0 0 0 0 0 0 211 0 0 0
1463180952 38073 320 0 677 182 842 0 0 0 0 0 0 0 0 0 0 211 0 0 0
1463181740 38074 320 0 677 182 842 0 0 0 0 0 0 0 0 0 0 211 0 0 0
1463182258 38075 320 0 677 182 842 0 0 0 0 0 0 0 0 0 0 211 0 0 0
1463182332 38077 320 0 677 182 842 0 0 0 0 0 0 0 0 0 0 211 0 0 0
1463187189 38077 532 0 677 182 842 0 0 0 0 0 0 0 0 0 0 211 0 0 0
1463187278 38081 532 0 677 182 842 0 0 0 0 0 0 0 0 0 0 211 0 0 0
1463187850 38085 532 0 677 182 842 0 0 0 0 0 0 0 0 0 0 211 0 0 0
1463188376 38092 532 0 677 182 842 0 0 0 0 0 0 0 0 0 0 211 0 0 0
1463188604 38093 532 0 677 182 842 0 0 0 0 0 0 0 0 0 0 211 0 0 0
1463189039 38094 532 0 677 182 842 0 0 0 0 0 0 0 0 0 0 211 0 0 0
1463209701 38302 532 0 677 182 842 0 0 0 0 0 0 0 0 0 0 211 0 0 0
1463210061 38302 532 0 677 182 842 0 0 0 0 0 0 0 0 0 0 211 0 0 0
1463211521 38339 532 0 677 182 842 0 0 0 0 0 0 0 0 0 0 211 0 0 0
1463213448 38396 532 0 677 182 842 0 0 0 0 0 0 0 0 0 0 211 0 0 0
1463216934 38503 532 0 677 182 842 0 0 0 0 0 0 0 0 0 0 211 0 0 0
1463219692 38556 532 0 677 182 842 0 0 0 0 0 0 0 0 0 0 211 0 0 0
1463221254 38621 532 0 677 182 842 0 0 0 0 0 0 0 0 0 0 211 0 0 0
1463221306 38621 650 0 677 182 842 0 0 0 0 0 0 0 0 0 0 211 0 0 0
1463226056 38835 650 0 677 182 842 0 0 0 0 0 0 0 0 0 0 211 0 0 0
1463255358 38835 650 0 677 182 926 0 0 0 0 0 0 0 0 0 0 211 0 0 0
1463255568 38876 650 0 677 182 926 0 0 0 0 0 0 0 0 0 0 211 0 0 0
1463255689 38879 650 0 677 182 926 0 0 0 0 0 0 0 0 0 0 211 0 0 0
1463265954 38926 650 0 677 182 926 0 0 0 0 0 0 0 0 0 0 211 0 0 0
1463268012 38939 650 0 677 182 926 0 0 0 0 0 0 0 0 0 0 211 0 0 0
1463345444 38939 976 0 677 182 926 0 0 0 0 0 0 0 0 0 0 211 0 0 0
1463375012 38950 976 0 677 182 926 0 0 0 0 0 0 0 0 0 0 211 0 0 0
1463375027 38952 976 0 677 182 926 0 0 0 0 0 0 0 0 0 0 211 0 0 0
1463417813 38952 1186 0 677 182 926 0 0 0 0 0 0 0 0 0 0 211 0 0 0
1463417929 38953 1186 0 677 182 926 0 0 0 0 0 0 0 0 0 0 211 0 0 0
1463426890 39001 1186 0 677 182 926 0 0 0 0 0 0 0 0 0 0 211 0 0 0
1463428245 39005 1186 0 677 182 926 0 0 0 0 0 0 0 0 0 0 211 0 0 0
1463430548 39005 1186 0 819 182 926 0 0 0 0 0 0 0 0 0 0 211 0 0 0
1463437131 39110 1186 0 819 182 926 0 0 0 0 0 0 0 0 0 0 211 0 0 0
1463437585 39124 1186 0 819 182 926 0 0 0 0 0 0 0 0 0 0 211 0 0 0
1463446933 39124 1186 0 819 182 1076 0 0 0 0 0 0 0 0 0 0 211 0 0 0
1463446982 39130 1186 0 819 182 1076 0 0 0 0 0 0 0 0 0 0 211 0 0 0
1463448590 39158 1186 0 819 182 1076 0 0 0 0 0 0 0 0 0 0 211 0 0 0
1463493504 39158 1186 0 819 182 1112 0 0 0 0 0 0 0 0 0 0 211 0 0 0
1463495840 39159 1186 0 819 182 1112 0 0 0 0 0 0 0 0 0 0 211 0 0 0
1463504252 39159 1186 0 819 182 1112 0 0 0 0 0 0 0 0 0 0 211 0 0 0
1463548569 39165 1186 0 819 182 1112 0 0 0 0 0 0 0 0 0 0 211 0 0 0
1463549713 39165 1186 0 853 182 1112 0 0 0 0 0 0 0 0 0 0 211 0 0 0
1463589702 39184 1186 0 853 182 1112 0 0 0 0 0 0 0 0 0 0 211 0 0 0
1463591294 39267 1186 0 853 182 1112 0 0 0 0 0 0 0 0 0 0 211 0 0 0
1463591911 39267 1469 0 853 182 1112 0 0 0 0 0 0 0 0 0 0 211 0 0 0
1463619471 39499 1469 0 853 182 1112 0 0 0 0 0 0 0 0 0 0 211 0 0 0
1463676767 39500 1469 0 853 182 1112 0 0 0 0 0 0 0 0 0 0 211 0 0 0
1463679256 39523 1469 0 853 182 1112 0 0 0 0 0 0 0 0 0 0 211 0 0 0
1463680691 39548 1469 0 853 182 1112 0 0 0 0 0 0 0 0 0 0 211 0 0 0
1463680890 39548 1582 0 853 182 1112 0 0 0 0 0 0 0 0 0 0 211 0 0 0
1463714158 39556 1582 0 853 182 1112 0 0 0 0 0 0 0 0 0 0 211 0 0 0
1463715395 39559 1582 0 853 182 1112 0 0 0 0 0 0 0 0 0 0 211 0 0 0
1463715785 39692 1582 0 853 182 1112 0 0 0 0 0 0 0 0 0 0 211 0 0 0
1463758574 39695 1582 0 853 182 1112 0 0 0 0 0 0 0 0 0 0 211 0 0 0
1463758589 39695 1582 0 925 182 1112 0 0 0 0 0 0 0 0 0 0 211 0 0 0
1463758886 39698 1582 0 925 182 1112 0 0 0 0 0 0 0 0 0 0 211 0 0 0
1463758978 39699 1582 0 925 182 1112 0 0 0 0 0 0 0 0 0 0 211 0 0 0
1463759211 39701 1582 0 925 182 1112 0 0 0 0 0 0 0 0 0 0 211 0 0 0
1464035458 39701 1582 0 925 182 1112 0 0 0 0 0 0 0 0 0 0 211 0 0 0
1464035568 39701 1748 0 925 182 1112 0 0 0 0 0 0 0 0 0 0 211 0 0 0
1464041374 39707 1748 0 925 182 1112 0 0 0 0 0 0 0 0 0 0 211 0 0 0
1464044566 39707 1748 0 925 182 1112 0 0 0 0 0 0 0 0 0 0 211 0 0 0
1464044582 39743 1748 0 925 182 1112 0 0 0 0 0 0 0 0 0 0 211 0 0 0
1464064038 39745 1748 0 925 182 1112 0 0 0 0 0 0 0 0 0 0 211 0 0 0
1464110239 39748 1748 0 925 182 1112 0 0 0 0 0 0 0 0 0 0 211 0 0 0
1464111123 39748 1748 0 925 182 1112 0 0 0 0 0 0 0 0 0 0 211 0 0 0
1464113530 39909 1748 0 925 182 1112 0 0 0 0 0 0 0 0 0 0 211 0 0 0
1464127930 39910 1748 0 925 182 1112 0 0 0 0 0 0 0 0 0 0 211 0 0 0
1464128897 39912 1748 0 925 182 1112 0 0 0 0 0 0 0 0 0 0 211 0 0 0
1464132298 39949 1748 0 925 182 1112 0 0 0 0 0 0 0 0 0 0 211 0 0 0
1464134038 39976 1748 0 925 182 1112 0 0 0 0 0 0 0 0 0 0 211 0 0 0
1464136866 40022 1748 0 925 182 1112 0 0 0 0 0 0 0 0 0 0 211 0 0 0
1464137461 40096 1748 0 925 182 1112 0 0 0 0 0 0 0 0 0 0 211 0 0 0
1464137579 40098 2990 0 925 182 1112 0 0 0 0 0 0 0 0 0 0 211 0 0 0
1464158592 40098 2992 0 925 182 1112 0 0 0 0 0 0 0 0 0 0 211 0 0 0
1464159000 40098 2997 0 925 182 1112 0 0 0 0 0 0 0 0 0 0 211 0 0 0
1464206602 40110 2997 0 925 182 1112 0 0 0 0 0 0 0 0 0 0 211 0 0 0
1464215285 40120 2997 0 925 182 1112 0 0 0 0 0 0 0 0 0 0 211 0 0 0
1464273109 40120 3007 0 925 182 1112 0 0 0 0 0 0 0 0 0 0 211 0 0 0
1464277189 40125 3007 0 925 182 1112 0 0 0 0 0 0 0 0 0 0 211 0 0 0
1464281865 40130 3007 0 925 182 1112 0 0 0 0 0 0 0 0 0 0 211 0 0 0
1464283385 40143 3007 0 925 182 1112 0 0 0 0 0 0 0 0 0 0 211 0 0 0
1464285277 40337 3007 0 925 182 1112 0 0 0 0 0 0 0 0 0 0 211 0 0 0
1464285490 40340 3131 0 925 182 1112 0 0 0 0 0 0 0 0 0 0 211 0 0 0
1464300620 40385 3131 0 925 182 1112 0 0 0 0 0 0 0 0 0 0 211 0 0 0
1464300716 40385 3131 0 925 182 1112 0 0 0 0 0 0 0 0 0 0 211 0 0 0
1464301000 40385 3131 0 925 182 1112 0 0 0 0 0 0 0 0 0 0 211 0 0 0
1464301342 40408 3131 0 925 182 1112 0 0 0 0 0 0 0 0 0 0 211 0 0 0
1464304064 40429 3131 0 925 182 1112 0 0 0 0 0 0 0 0 0 0 211 0 0 0
1464306393 40429 3131 0 925 182 1112 0 0 0 0 0 0 0 0 0 0 211 0 0 0
1464307907 40510 3131 0 925 182 1112 0 0 0 0 0 0 0 0 0 0 211 0 0 0
1464309694 40653 3131 0 925 182 1112 0 0 0 0 0 0 0 0 0 0 211 0 0 0
1464310043 40657 3131 0 925 182 1112 0 0 0 0 0 0 0 0 0 0 211 0 0 0
1464321094 41001 3131 0 925 182 1112 0 0 0 0 0 0 0 0 0 0 211 0 0 0
1464321246 41001 3131 0 925 182 1112 0 0 0 0 0 0 0 0 0 0 211 0 0 0
1464383663 41278 3131 0 925 182 1112 0 0 0 0 0 0 0 0 0 0 211 0 0 0
1464387386 41280 3131 0 925 182 1112 0 0 0 0 0 0 0 0 0 0 211 0 0 0
1464390974 41343 3131 0 925 182 1112 0 0 0 0 0 0 0 0 0 0 211 0 0 0
1464391023 41343 3188 0 925 182 1112 0 0 0 0 0 0 0 0 0 0 211 0 0 0
1464391077 41343 3253 0 925 182 1112 0 0 0 0 0 0 0 0 0 0 211 0 0 0
1464393612 41345 3253 0 925 182 1112 0 0 0 0 0 0 0 0 0 0 211 0 0 0
1464397542 41345 3283 0 925 182 1112 0 0 0 0 0 0 0 0 0 0 211 0 0 0
1464399486 41592 3283 0 925 182 1112 0 0 0 0 0 0 0 0 0 0 211 0 0 0
1464481039 41743 3283 0 925 182 1112 0 0 0 0 0 0 0 0 0 0 211 0 0 0
1464483953 41749 3283 0 925 182 1112 0 0 0 0 0 0 0 0 0 0 211 0 0 0
1464484135 41850 3283 0 925 182 1112 0 0 0 0 0 0 0 0 0 0 211 0 0 0
1464484141 41913 3283 0 925 182 1112 0 0 0 0 0 0 0 0 0 0 211 0 0 0
1464484477 41989 3283 0 925 182 1112 0 0 0 0 0 0 0 0 0 0 211 0 0 0
1464485345 42019 3283 0 925 182 1112 0 0 0 0 0 0 0 0 0 0 211 0 0 0
1464485999 42069 3283 0 925 182 1112 0 0 0 0 0 0 0 0 0 0 211 0 0 0
1464541365 42140 3283 0 925 182 1112 0 0 0 0 0 0 0 0 0 0 211 0 0 0
1464542469 42204 3283 0 925 182 1112 0 0 0 0 0 0 0 0 0 0 211 0 0 0
1464543347 42295 3283 0 925 182 1112 0 0 0 0 0 0 0 0 0 0 211 0 0 0
1464544530 42358 3283 0 925 182 1112 0 0 0 0 0 0 0 0 0 0 211 0 0 0
1464544903 42380 3283 0 925 182 1112 0 0 0 0 0 0 0 0 0 0 211 0 0 0
1464546483 42424 3283 0 925 182 1112 0 0 0 0 0 0 0 0 0 0 211 0 0 0
1464547188 42425 3283 0 925 182 1112 0 0 0 0 0 0 0 0 0 0 211 0 0 0
1464548523 42439 3283 0 925 182 1112 0 0 0 0 0 0 0 0 0 0 211 0 0 0
1464554461 42439 3283 0 925 182 1112 0 0 0 0 0 0 0 0 0 0 211 0 0 0
1464647842 42549 3283 0 925 182 1112 0 0 0 0 0 0 0 0 0 0 211 0 0 0
1464708101 42700 3283 0 925 182 1112 0 0 0 0 0 0 0 0 0 0 211 0 0 0
1464715889 42742 3283 0 925 182 1112 0 0 0 0 0 0 0 0 0 0 211 0 0 0
1464716000 42744 3283 0 925 182 1112 0 0 0 0 0 0 0 0 0 0 211 0 0 0
1464716768 42746 3283 0 925 182 1112 0 0 0 0 0 0 0 0 0 0 211 0 0 0
1464717342 42749 3283 0 925 182 1112 0 0 0 0 0 0 0 0 0 0 211 0 0 0
1464722101 43123 3283 0 925 182 1112 0 0 0 0 0 0 0 0 0 0 211 0 0 0
1464722815 43135 3283 0 925 182 1112 0 0 0 0 0 0 0 0 0 0 211 0 0 0
1464736197 43236 3283 0 925 182 1112 0 0 0 0 0 0 0 0 0 0 211 0 0 0
1464741366 43591 3283 0 925 182 1112 0 0 0 0 0 0 0 0 0 0 211 0 0 0
1464742513 43684 3283 0 925 182 1112 0 0 0 0 0 0 0 0 0 0 211 0 0 0
1464745353 43887 3283 0 925 182 1112 0 0 0 0 0 0 0 0 0 0 211 0 0 0
1464748916 43931 3283 0 925 182 1112 0 0 0 0 0 0 0 0 0 0 211 0 0 0
1464794257 43990 3283 0 925 182 1112 0 0 0 0 0 0 0 0 0 0 211 0 0 0
1464794356 43996 3283 0 925 182 1112 0 0 0 0 0 0 0 0 0 0 211 0 0 0
1464806991 44097 3283 0 925 182 1112 0 0 0 0 0 0 0 0 0 0 211 0 0 0
1464807775 44155 3283 0 925 182 1112 0 0 0 0 0 0 0 0 0 0 211 0 0 0
1464807789 44155 3283 0 925 182 1112 0 0 0 0 0 0 0 0 0 0 211 0 0 0
1464809086 44157 3283 0 925 182 1112 0 0 0 0 0 0 0 0 0 0 211 0 0 0
1464811013 44163 3283 0 925 182 1112 0 0 0 0 0 0 0 0 0 0 211 0 0 0
1464814587 44214 3283 0 925 182 1112 0 0 0 0 0 0 0 0 0 0 211 0 0 0
1464815424 44224 3283 0 925 182 1112 0 0 0 0 0 0 0 0 0 0 211 0 0 0
1464815642 44234 3283 0 925 182 1112 0 0 0 0 0 0 0 0 0 0 211 0 0 0
1464815725 44293 3283 0 925 182 1112 0 0 0 0 0 0 0 0 0 0 211 0 0 0
1464819613 44393 3283 0 925 182 1112 0 0 0 0 0 0 0 0 0 0 211 0 0 0
1464821553 44394 3283 0 925 182 1112 0 0 0 0 0 0 0 0 0 0 211 0 0 0
1464822211 44398 3283 0 925 182 1112 0 0 0 0 0 0 0 0 0 0 211 0 0 0
1464825162 44475 3283 0 925 182 1112 0 0 0 0 0 0 0 0 0 0 211 0 0 0
1464825759 44480 3283 0 925 182 1112 0 0 0 0 0 0 0 0 0 0 211 0 0 0
1464832200 44515 3283 0 925 182 1112 0 0 0 0 0 0 0 0 0 0 211 0 0 0
1464886576 44515 3283 0 925 182 1112 0 0 0 0 0 0 0 0 0 1 211 0 0 0
1464889289 44524 3283 0 925 182 1112 0 0 0 0 0 0 0 0 0 1 211 0 0 0
1464890080 44532 3283 0 925 182 1112 0 0 0 0 0 0 0 0 0 1 211 0 0 0
1464892074 44533 3283 0 925 182 1112 0 0 0 0 0 0 0 0 0 1 211 0 0 0
1464893618 44543 3283 0 925 182 1112 0 0 0 0 0 0 0 0 0 1 211 0 0 0
1464895282 44557 3283 0 925 182 1112 0 0 0 0 0 0 0 0 0 1 211 0 0 0
1464898681 44559 3283 0 925 182 1112 0 0 0 0 0 0 0 0 0 1 211 0 0 0
1464905912 44567 3283 0 925 182 1112 0 0 0 0 0 0 0 0 0 1 211 0 0 0
1464905925 44590 3283 0 925 182 1112 0 0 0 0 0 0 0 0 0 1 211 0 0 0
1464920994 44665 3283 0 925 182 1112 0 0 0 0 0 0 0 0 0 1 211 0 0 0
1464929660 44676 3283 0 925 182 1112 0 0 0 0 0 0 0 0 0 1 211 0 0 0
1464981294 44697 3283 0 925 182 1112 0 0 0 0 0 0 0 0 0 1 211 0 0 0
1464981503 44709 3283 0 925 182 1112 0 0 0 0 0 0 0 0 0 1 211 0 0 0
1464996765 44865 3283 0 925 182 1112 0 0 0 0 0 0 0 0 0 1 211 0 0 0
1464997595 44869 3283 0 925 182 1112 0 0 0 0 0 0 0 0 0 1 211 0 0 0
1465050060 44869 3283 0 925 182 1112 0 0 1 0 0 0 0 0 0 1 211 0 0 0
1465051967 44926 3315 0 925 182 1112 0 0 1 0 0 0 0 0 0 1 211 0 0 0
1465080201 44938 3315 0 925 182 1112 0 0 1 0 0 0 0 0 0 1 211 0 0 0
1465081286 44950 3315 0 925 182 1112 0 0 1 0 0 0 0 0 0 1 211 0 0 0
1465154805 45070 3315 0 925 182 1112 0 0 1 0 0 0 0 0 0 1 211 0 0 0
1465157691 45094 3315 0 925 182 1112 0 0 1 0 0 0 0 0 0 1 211 0 0 0
1465179299 45133 3315 0 925 182 1112 0 0 1 0 0 0 0 0 0 1 211 0 0 0
1465185854 45430 3315 0 925 182 1112 0 0 1 0 0 0 0 0 0 1 211 0 0 0
1465188449 45694 3315 0 925 182 1112 0 0 1 0 0 0 0 0 0 1 211 0 0 0
1465190427 45759 3315 0 925 182 1112 0 0 1 0 0 0 0 0 0 1 211 0 0 0
1465190650 45763 3315 0 925 182 1112 0 0 1 0 0 0 0 0 0 1 211 0 0 0
1465236921 45859 3315 0 925 182 1112 0 0 1 0 0 0 0 0 0 1 211 0 0 0
1465238703 45860 3315 0 925 182 1112 0 0 1 0 0 0 0 0 0 1 211 0 0 0
1465338814 45889 3315 0 925 182 1112 0 0 1 0 0 0 0 0 0 1 211 0 0 0
1465349760 46144 3315 0 925 182 1112 0 0 1 0 0 0 0 0 0 1 211 0 0 0
1465350823 55291 3315 0 925 182 1112 0 0 1 0 0 0 0 0 0 1 211 0 0 0
1465350988 55294 3315 0 925 182 1112 0 0 1 0 0 0 0 0 0 1 211 0 0 0
1465399696 55295 3315 0 925 182 1112 0 0 1 0 0 0 0 0 0 1 211 0 0 0
1465402559 55320 3315 0 925 182 1112 0 0 1 0 0 0 0 0 0 1 211 0 0 0
1465402755 55321 3315 0 925 182 1112 0 0 1 0 0 0 0 0 0 1 211 0 0 0
1465402769 55322 3315 0 925 182 1112 0 0 1 0 0 0 0 0 0 1 211 0 0 0
1465404808 55324 3315 0 925 182 1112 0 0 1 0 0 0 0 0 0 1 211 0 0 0
1465405785 55325 3315 0 925 182 1112 0 0 1 0 0 0 0 0 0 1 211 0 0 0
1465405823 55327 3315 0 925 182 1112 0 0 1 0 0 0 0 0 0 1 211 0 0 0
1465406935 55367 3315 0 925 182 1112 0 0 1 0 0 0 0 0 0 1 211 0 0 0
1465416671 55404 3315 0 925 182 1112 0 0 1 0 0 0 0 0 0 1 211 0 0 0
1465417371 55407 3315 0 925 182 1112 0 0 1 0 0 0 0 0 0 1 211 0 0 0
1465418161 55426 3315 0 925 182 1112 0 0 1 0 0 0 0 0 0 1 211 0 0 0
1465421613 55442 3315 0 925 182 1112 0 0 1 0 0 0 0 0 0 1 211 0 0 0
1465421622 55444 3315 0 925 182 1112 0 0 1 0 0 0 0 0 0 1 211 0 0 0
1465424775 55468 3315 0 925 182 1112 0 0 1 0 0 0 0 0 0 1 211 0 0 0
1465513216 55485 3315 0 925 182 1112 0 0 1 0 0 0 0 0 0 1 211 0 0 0
1465573102 55490 3315 0 925 182 1112 0 0 1 0 0 0 0 0 0 1 211 0 0 0
1465574001 55492 3315 0 925 182 1112 0 0 1 0 0 0 0 0 0 1 211 0 0 0
1465579144 55602 3315 0 925 182 1112 0 0 1 0 0 0 0 0 0 1 211 0 0 0
1465580293 55627 3315 0 925 182 1112 0 0 1 0 0 0 0 0 0 1 211 0 0 0
1465592098 55690 3315 0 925 182 1112 0 0 1 0 0 0 0 0 0 1 211 0 0 0
1465592262 55723 3315 0 925 182 1112 0 0 1 0 0 0 0 0 0 1 211 0 0 0
1465593237 55725 3315 0 925 182 1112 0 0 1 0 0 0 0 0 0 1 211 0 0 0
1465596898 55775 3315 0 925 182 1112 0 0 1 0 0 0 0 0 0 1 211 0 0 0
1465597248 55797 3315 0 925 182 1112 0 0 1 0 0 0 0 0 0 1 211 0 0 0
1465597260 55797 3315 0 925 182 1112 0 0 1 0 0 0 0 0 0 1 211 0 0 0
1465597608 55823 3315 0 925 182 1112 0 0 1 0 0 0 0 0 0 1 211 0 0 0
1465597638 55823 3315 0 925 182 1112 0 0 1 0 0 0 0 0 0 1 211 0 0 0
1465599736 55864 3315 0 925 182 1112 0 0 1 0 0 0 0 0 0 1 211 0 0 0
1465601012 56205 3315 0 925 182 1112 0 0 1 0 0 0 0 0 0 1 211 0 0 0
1465601492 56206 3315 0 925 182 1112 0 0 1 0 0 0 0 0 0 1 211 0 0 0
1465601938 56216 3315 0 925 182 1112 0 0 1 0 0 0 0 0 0 1 211 0 0 0
1465748754 56216 3315 0 925 182 1112 0 0 1 0 0 0 0 0 0 1 211 0 0 0
1465837009 56218 3315 0 925 182 1112 0 0 1 0 0 0 0 0 0 1 211 0 0 0
1465840072 56257 3315 0 925 182 1112 0 0 1 0 0 0 0 0 0 1 211 0 0 0
1465840973 56288 3315 0 925 182 1112 0 0 1 0 0 0 0 0 0 1 211 0 0 0
1465844153 56442 3315 0 925 182 1112 0 0 1 0 0 0 0 0 0 1 211 0 0 0
1465854682 56471 3315 0 925 182 1112 0 0 1 0 0 0 0 0 0 1 211 0 0 0
1465855272 56490 3315 0 925 182 1112 0 0 1 0 0 0 0 0 0 1 211 0 0 0
1465856073 56498 3315 0 925 182 1112 0 0 1 0 0 0 0 0 0 1 211 0 0 0
1465856084 56500 3315 0 925 182 1112 0 0 1 0 0 0 0 0 0 1 211 0 0 0
1465856360 56506 3315 0 925 182 1112 0 0 1 0 0 0 0 0 0 1 211 0 0 0
1465858596 56519 3315 0 925 182 1112 0 0 1 0 0 0 0 0 0 1 211 0 0 0
1465859767 56519 3315 0 925 182 1112 0 0 1 0 0 0 0 0 0 1 211 0 0 0
1465860361 56526 3315 0 925 182 1112 0 0 1 0 0 0 0 0 0 1 211 0 0 0
1465861006 56677 3315 0 925 182 1112 0 0 1 0 0 0 0 0 0 1 211 0 0 0
1465861007 56678 3315 0 925 182 1112 0 0 1 0 0 0 0 0 0 1 211 0 0 0
1465925431 56743 3315 0 925 182 1112 0 0 1 0 0 0 0 0 0 1 211 0 0 0
1465928141 56819 3315 0 925 182 1112 0 0 1 0 0 0 0 0 0 1 211 0 0 0
1465929945 56864 3315 0 925 182 1112 0 0 1 0 0 0 0 0 0 1 211 0 0 0
1466001032 56867 3315 0 925 182 1112 0 0 1 0 0 0 0 0 0 1 211 0 0 0
1466001640 56868 3315 0 925 182 1112 0 0 1 0 0 0 0 0 0 1 211 0 0 0
1466004703 56915 3315 0 925 182 1112 0 0 1 0 0 0 0 0 0 1 211 0 0 0
1466011992 57010 3315 0 925 182 1112 0 0 1 0 0 0 0 0 0 1 211 0 0 0
1466014602 57011 3315 0 925 182 1112 0 0 1 0 0 0 0 0 0 1 211 0 0 0
1466014960 57223 3315 0 925 182 1112 0 0 1 0 0 0 0 0 0 1 211 0 0 0
1466095271 57224 3315 0 925 182 1112 0 0 1 0 0 0 0 0 0 1 211 0 0 0
1466096120 57241 3315 0 925 182 1112 0 0 1 0 0 0 0 0 0 1 211 0 0 0
1466096455 57277 3315 0 925 182 1112 0 0 1 0 0 0 0 0 0 1 211 0 0 0
1466096570 57278 3315 0 925 182 1112 0 0 1 0 0 0 0 0 0 1 211 0 0 0
1466100650 57309 3315 0 925 182 1112 0 0 1 0 0 0 0 0 0 1 211 0 0 0
1466113591 57311 3315 0 925 182 1112 0 0 1 0 0 0 0 0 0 1 211 0 0 0
1466177362 57318 3315 0 925 182 1112 0 0 1 0 0 0 0 0 0 1 211 0 0 0
1466184064 57363 3315 0 925 182 1112 0 0 1 0 0 0 0 0 0 1 211 0 0 0
1466184334 57366 3315 0 925 182 1112 0 0 1 0 0 0 0 0 0 1 211 0 0 0
1466186599 57422 3315 0 925 182 1112 0 0 1 0 0 0 0 0 0 1 211 0 0 0
1466187069 57445 3315 0 925 182 1112 0 0 1 0 0 0 0 0 0 1 211 0 0 0
1466187771 57665 3315 0 925 182 1112 0 0 1 0 0 0 0 0 0 1 211 0 0 0
1466189343 57666 3315 0 925 182 1112 0 0 1 0 0 0 0 0 0 1 211 0 0 0
1466192159 57671 3315 0 925 182 1112 0 0 1 0 0 0 0 0 0 1 211 0 0 0
1466262524 57671 3367 0 925 182 1112 0 0 1 0 0 0 0 0 0 1 211 0 0 0
1466486604 57727 3367 0 925 182 1112 0 0 1 0 0 0 0 0 0 1 211 0 0 0
1466486822 57727 3367 0 925 182 1112 0 0 1 0 0 0 0 0 0 1 211 0 0 0
1466489805 57730 3367 0 925 182 1112 0 0 1 0 0 0 0 0 0 1 211 0 0 0
1466489940 57732 3367 0 925 182 1112 0 0 1 0 0 0 0 0 0 1 211 0 0 0
1466491438 57733 3367 0 925 182 1112 0 0 1 0 0 0 0 0 0 1 211 0 0 0
1466492629 57740 3367 0 925 182 1112 0 0 1 0 0 0 0 0 0 1 211 0 0 0
1466603435 57752 3367 0 925 182 1112 0 0 1 0 0 0 0 0 0 1 211 0 0 0
1466605769 57767 3367 0 925 182 1112 0 0 1 0 0 0 0 0 0 1 211 0 0 0
1466606273 57780 3367 0 925 182 1112 0 0 1 0 0 0 0 0 0 1 211 0 0 0
1466606376 57780 3367 0 925 182 1112 0 0 1 0 0 0 0 0 0 1 211 0 0 0
1466608236 57814 3367 0 925 182 1112 0 0 1 0 0 0 0 0 0 1 211 0 0 0
1466609733 57872 3367 0 925 182 1112 0 0 1 0 0 0 0 0 0 1 211 0 0 0
1466609980 57875 3367 0 925 182 1112 0 0 1 0 0 0 0 0 0 1 211 0 0 0
1466610090 57877 3367 0 925 182 1112 0 0 1 0 0 0 0 0 0 1 211 0 0 0
1466616521 57913 3367 0 925 182 1112 0 0 1 0 0 0 0 0 0 1 211 0 0 0
1466619536 57925 3367 0 925 182 1112 0 0 1 0 0 0 0 0 0 1 211 0 0 0
1466623697 57928 3367 0 925 182 1112 0 0 1 0 0 0 0 0 0 1 211 0 0 0
1466624033 58292 3367 0 925 182 1112 0 0 1 0 0 0 0 0 0 1 211 0 0 0
1466624034 58293 3367 0 925 182 1112 0 0 1 0 0 0 0 0 0 1 211 0 0 0
1466646232 58312 3367 0 925 182 1112 0 0 1 0 0 0 0 0 0 1 211 0 0 0
1466647271 58372 3367 0 925 182 1112 0 0 1 0 0 0 0 0 0 1 211 0 0 0
1466647302 58372 3368 0 925 182 1112 0 0 1 0 0 0 0 0 0 1 211 0 0 0
1466649838 58409 3368 0 925 182 1112 0 0 1 0 0 0 0 0 0 1 211 0 0 0
1466782997 58412 3368 0 925 182 1112 0 0 1 0 0 0 0 0 0 1 211 0 0 0
1466819826 58415 3368 0 925 182 1112 0 0 1 0 0 0 0 0 0 1 211 0 0 0
1466819860 58417 3368 0 925 182 1112 0 0 1 0 0 0 0 0 0 1 211 0 0 0
1466826830 58434 3368 0 925 182 1112 0 0 1 0 0 0 0 0 0 1 211 0 0 0
1466827539 61627 3368 0 925 182 1112 0 0 1 0 0 0 0 0 0 1 211 0 0 0
1466828330 61719 3368 0 925 182 1112 0 0 1 0 0 0 0 0 0 1 211 0 0 0
1466856856 61719 3368 0 925 182 1112 0 0 1 0 0 0 0 0 0 1 211 0 0 0
1466861491 61720 3368 0 925 182 1112 0 0 1 0 0 0 0 0 0 1 211 0 0 0
1466865799 61762 3368 0 925 182 1112 0 0 1 0 0 0 0 0 0 1 211 0 0 0
1466909943 61865 3368 0 925 182 1112 0 0 1 0 0 0 0 0 0 1 211 0 0 0
1466911088 61867 3368 0 925 182 1112 0 0 1 0 0 0 0 0 0 1 211 0 0 0
1466916838 65072 3368 0 925 182 1112 0 0 1 0 0 0 0 0 0 1 211 0 0 0
1466956214 65079 3368 0 925 182 1112 0 0 1 0 0 0 0 0 0 1 211 0 0 0
1466958319 65120 3368 0 925 182 1112 0 0 1 0 0 0 0 0 0 1 211 0 0 0
1466962632 65161 3368 0 925 182 1112 0 0 1 0 0 0 0 0 0 1 211 0 0 0
1466964339 65179 3368 0 925 182 1112 0 0 1 0 0 0 0 0 0 1 211 0 0 0
1466966973 65180 3368 0 925 182 1112 0 0 1 0 0 0 0 0 0 1 211 0 0 0
1466985819 65216 3368 0 925 182 1112 0 0 1 0 0 0 0 0 0 1 211 0 0 0
1467040686 65263 3368 0 925 182 1112 0 0 1 0 0 0 0 0 0 1 211 0 0 0
1467044702 65400 3368 0 925 182 1112 0 0 1 0 0 0 0 0 0 1 211 0 0 0
1467044999 65406 3368 0 925 182 1112 0 0 1 0 0 0 0 0 0 1 211 0 0 0
1467046392 65408 3368 0 925 182 1112 0 0 1 0 0 0 0 0 0 1 211 0 0 0
1467050534 65435 3368 0 925 182 1112 0 0 1 0 0 0 0 0 0 1 211 0 0 0
1467051493 65509 3368 0 925 182 1112 0 0 1 0 0 0 0 0 0 1 211 0 0 0
1467054700 65554 3368 0 925 182 1112 0 0 1 0 0 0 0 0 0 1 211 0 0 0
1467061864 65668 3368 0 925 182 1112 0 0 1 0 0 0 0 0 0 1 211 0 0 0
1467062389 65669 3368 0 925 182 1112 0 0 1 0 0 0 0 0 0 1 211 0 0 0
1467070119 65671 3368 0 925 182 1112 0 0 1 0 0 0 0 0 0 1 211 0 0 0
1467080281 65675 3368 0 925 182 1112 0 0 1 0 0 0 0 0 0 1 211 0 0 0
1467080293 65688 3368 0 925 182 1112 0 0 1 0 0 0 0 0 0 1 211 0 0 0
1467080712 66573 3368 0 925 182 1112 0 0 1 0 0 0 0 0 0 1 211 0 0 0
1467080713 66574 3368 0 925 182 1112 0 0 1 0 0 0 0 0 0 1 211 0 0 0
1467081644 66576 3368 0 925 182 1112 0 0 1 0 0 0 0 0 0 1 211 0 0 0
1467085777 66654 3368 0 925 182 1112 0 0 1 0 0 0 0 0 0 1 211 0 0 0
1467090619 66867 3368 0 925 182 1112 0 0 1 0 0 0 0 0 0 1 211 0 0 0
1467094742 66878 3368 0 925 182 1112 0 0 1 0 0 0 0 0 0 1 211 0 0 0
1467096507 66884 3368 0 925 182 1112 0 0 1 0 0 0 0 0 0 1 211 0 0 0
1467100832 66888 3368 0 925 182 1112 0 0 1 0 0 0 0 0 0 1 211 0 0 0
1467101563 66889 3368 0 925 182 1112 0 0 1 0 0 0 0 0 0 1 211 0 0 0
1467103938 66903 3368 0 925 182 1112 0 0 1 0 0 0 0 0 0 1 211 0 0 0
1467104590 66951 3368 0 925 182 1112 0 0 1 0 0 0 0 0 0 1 211 0 0 0
1467104591 66952 3368 0 925 182 1112 0 0 1 0 0 0 0 0 0 1 211 0 0 0
1467107101 66960 3368 0 925 182 1112 0 0 1 0 0 0 0 0 0 1 211 0 0 0
1467150104 66962 3368 0 925 182 1112 0 0 1 0 0 0 0 0 0 1 211 0 0 0
1467216217 66988 3368 0 925 182 1112 0 0 1 0 0 0 0 0 0 1 211 0 0 0
1467217528 66996 3368 0 925 182 1112 0 0 1 0 0 0 0 0 0 1 211 0 0 0
1467233101 67173 3368 0 925 182 1112 0 0 1 0 0 0 0 0 0 1 211 0 0 0
1467233421 67190 3368 0 925 182 1112 0 0 1 0 0 0 0 0 0 1 211 0 0 0
1467233462 67191 3368 0 925 182 1112 0 0 1 0 0 0 0 0 0 1 211 0 0 0
1467250322 67199 3368 0 925 182 1112 0 0 1 0 0 0 0 0 0 1 211 0 0 0
1467250651 67221 3368 0 925 182 1112 0 0 1 0 0 0 0 0 0 1 211 0 0 0
1467298897 67221 3485 0 925 182 1112 0 0 1 0 0 0 0 0 0 1 211 0 0 0
1467301715 67248 3485 0 925 182 1112 0 0 1 0 0 0 0 0 0 1 211 0 0 0
1467314392 67250 3485 0 925 182 1112 0 0 1 0 0 0 0 0 0 1 211 0 0 0
1467314398 67251 3485 0 925 182 1112 0 0 1 0 0 0 0 0 0 1 211 0 0 0
1467471791 67259 3548 0 925 182 1112 0 0 1 0 0 0 0 0 0 1 211 0 0 0
1467566261 67260 3548 0 925 182 1112 0 0 1 0 0 0 0 0 0 1 211 0 0 0
1467571874 67316 3548 0 925 182 1112 0 0 1 0 0 0 0 0 0 1 211 0 0 0
1467572628 67333 3548 0 925 182 1112 0 0 1 0 0 0 0 0 0 1 211 0 0 0
1467742753 67368 3548 0 925 182 1112 0 0 1 0 0 0 0 0 0 1 211 0 0 0
1467744641 67369 3548 0 925 182 1112 0 0 1 0 0 0 0 0 0 1 211 0 0 0
1467746539 67391 3548 0 925 182 1112 0 0 1 0 0 0 0 0 0 1 211 0 0 0
1467823808 67397 3548 0 925 182 1112 0 0 1 0 0 0 0 0 0 1 211 0 0 0
1467825158 67398 3548 0 925 182 1112 0 0 1 0 0 0 0 0 0 1 211 0 0 0
1467835741 67404 3548 0 925 182 1112 0 0 1 0 0 0 0 0 0 1 211 0 0 0
1467839266 67420 3548 0 925 182 1112 0 0 1 0 0 0 0 0 0 1 211 0 0 0
1467844551 67422 3548 0 925 182 1112 0 0 1 0 0 0 0 0 0 1 211 0 0 0
1467846479 67447 3548 0 925 182 1112 0 0 1 0 0 0 0 0 0 1 211 0 0 0
1467847571 67450 3548 0 925 182 1112 0 0 1 0 0 0 0 0 0 1 211 0 0 0
1467847624 67451 3548 0 925 182 1112 0 0 1 0 0 0 0 0 0 1 211 0 0 0
1467847877 67455 3548 0 925 182 1112 0 0 1 0 0 0 0 0 0 1 211 0 0 0
1467857942 67457 3548 0 925 182 1112 0 0 1 0 0 0 0 0 0 1 211 0 0 0
1467912754 67459 3548 0 925 182 1112 0 0 1 0 0 0 0 0 0 1 211 0 0 0
1467913078 67475 3548 0 925 182 1112 0 0 1 0 0 0 0 0 0 1 211 0 0 0
1467913192 67484 3548 0 925 182 1112 0 0 1 0 0 0 0 0 0 1 211 0 0 0
1467919842 67537 3548 0 925 182 1112 0 0 1 0 0 0 0 0 0 1 211 0 0 0
1467922166 67561 3548 0 925 182 1112 0 0 1 0 0 0 0 0 0 1 211 0 0 0
1467923724 67582 3548 0 925 182 1112 0 0 1 0 0 0 0 0 0 1 211 0 0 0
1467925228 67593 3548 0 925 182 1112 0 0 1 0 0 0 0 0 0 1 211 0 0 0
1467927408 67610 3548 0 925 182 1112 0 0 1 0 0 0 0 0 0 1 211 0 0 0
1467928402 71577 3548 0 925 182 1112 0 0 1 0 0 0 0 0 0 1 211 0 0 0
1467988613 71586 3548 0 925 182 1112 0 0 1 0 0 0 0 0 0 1 211 0 0 0
1467998453 71602 3548 0 925 182 1112 0 0 1 0 0 0 0 0 0 1 211 0 0 0
1468015772 71617 3548 0 925 182 1112 0 0 1 0 0 0 0 0 0 1 211 0 0 0
1468072276 71617 3548 0 925 182 1112 0 0 1 0 0 0 0 0 0 1 211 0 0 0
1468092148 71620 3548 0 925 182 1112 0 0 1 0 0 0 0 0 0 1 211 0 0 0
1468119564 71621 3548 0 925 182 1112 0 0 1 0 0 0 0 0 0 1 211 0 0 0
1468120483 71622 3548 0 925 182 1112 0 0 1 0 0 0 0 0 0 1 211 0 0 0
1468128272 71636 3548 0 925 182 1112 0 0 1 0 0 0 0 0 0 1 211 0 0 0
1468163119 71662 3548 0 925 182 1112 0 0 1 0 0 0 0 0 0 1 211 0 0 0
1468163662 71666 3548 0 925 182 1112 0 0 1 0 0 0 0 0 0 1 211 0 0 0
1468166710 71677 3548 0 925 182 1112 0 0 1 0 0 0 0 0 0 1 211 0 0 0
1468184803 71683 3548 0 925 182 1112 0 0 1 0 0 0 0 0 0 1 211 0 0 0
1468255406 71684 3548 0 925 182 1112 0 0 1 0 0 0 0 0 0 1 211 0 0 0
1468283670 71685 3548 0 925 182 1112 0 0 1 0 0 0 0 0 0 1 211 0 0 0
1468299319 71686 3548 0 925 182 1112 0 0 1 0 0 0 0 0 0 1 211 0 0 0
1468300592 71689 3548 0 925 182 1112 0 0 1 0 0 0 0 0 0 1 211 0 0 0
1468306724 71708 3548 0 925 182 1112 0 0 1 0 0 0 0 0 0 1 211 0 0 0
1468306745 71738 3548 0 925 182 1112 0 0 1 0 0 0 0 0 0 1 211 0 0 0
1468355524 71758 3548 0 925 182 1112 0 0 1 0 0 0 0 0 0 1 211 0 0 0
1468424330 72213 3548 0 925 182 1112 0 0 1 0 0 0 0 0 0 1 211 0 0 0
1468426895 72218 3548 0 925 182 1112 0 0 1 0 0 0 0 0 0 1 211 0 0 0
1468426907 72218 3548 0 925 182 1112 0 0 1 0 0 0 0 0 0 1 211 0 0 0
1468427766 72226 3548 0 925 182 1112 0 0 1 0 0 0 0 0 0 1 211 0 0 0
1468430037 72267 3548 0 925 182 1112 0 0 1 0 0 0 0 0 0 1 211 0 0 0
1468431192 72297 3548 0 925 182 1112 0 0 1 0 0 0 0 0 0 1 211 0 0 0
1468432305 72325 3548 0 925 182 1112 0 0 1 0 0 0 0 0 0 1 211 0 0 0
1468433664 72336 3548 0 925 182 1112 0 0 1 0 0 0 0 0 0 1 211 0 0 0
1468434426 72366 3548 0 925 182 1112 0 0 1 0 0 0 0 0 0 1 211 0 0 0
1468434582 72367 3548 0 925 182 1112 0 0 1 0 0 0 0 0 0 1 211 0 0 0
1468443248 72416 3548 0 925 182 1112 0 0 1 0 0 0 0 0 0 1 211 0 0 0
1468449195 72471 3548 0 925 182 1112 0 0 1 0 0 0 0 0 0 1 211 0 0 0
1468449302 72476 3548 0 925 182 1112 0 0 1 0 0 0 0 0 0 1 211 0 0 0
1468460949 72697 3548 0 925 182 1112 0 0 1 0 0 0 0 0 0 1 211 0 0 0
1468507992 72701 3548 0 925 182 1112 0 0 1 0 0 0 0 0 0 1 211 0 0 0
1468508350 72735 3548 0 925 182 1112 0 0 1 0 0 0 0 0 0 1 211 0 0 0
1468508782 72768 3548 0 925 182 1112 0 0 1 0 0 0 0 0 0 1 211 0 0 0
1468513218 72889 3548 0 925 182 1112 0 0 1 0 0 0 0 0 0 1 211 0 0 0
1468513591 72961 3548 0 925 182 1112 0 0 1 0 0 0 0 0 0 1 211 0 0 0
1468521390 73001 3548 0 925 182 1112 0 0 1 0 0 0 0 0 0 1 211 0 0 0
1468521911 73005 3548 0 925 182 1112 0 0 1 0 0 0 0 0 0 1 211 0 0 0
1468533085 73351 3548 0 925 182 1112 0 0 1 0 0 0 0 0 0 1 211 0 0 0
1468534770 73353 3548 0 925 182 1112 0 0 1 0 0 0 0 0 0 1 211 0 0 0
1468535211 73360 3548 0 925 182 1112 0 0 1 0 0 0 0 0 0 1 211 0 0 0
1468535601 73365 3548 0 925 182 1112 0 0 1 0 0 0 0 0 0 1 211 0 0 0
1468537818 73385 3548 0 925 182 1112 0 0 1 0 0 0 0 0 0 1 211 0 0 0
1468538894 73393 3548 0 925 182 1112 0 0 1 0 0 0 0 0 0 1 211 0 0 0
1468539094 73405 3548 0 925 182 1112 0 0 1 0 0 0 0 0 0 1 211 0 0 0
1468539565 73414 3548 0 925 182 1112 0 0 1 0 0 0 0 0 0 1 211 0 0 0
1468617773 73482 3548 0 925 182 1112 0 0 1 0 0 0 0 0 0 1 211 0 0 0
1468619322 73494 3548 0 925 182 1112 0 0 1 0 0 0 0 0 0 1 211 0 0 0
1468624795 73517 3548 0 925 182 1112 0 0 1 0 0 0 0 0 0 1 211 0 0 0
1468734031 73522 3548 0 925 182 1112 0 0 1 0 0 0 0 0 0 1 211 0 0 0
1468734824 74891 3548 0 925 182 1112 0 0 1 0 0 0 0 0 0 1 211 0 0 0
1468734825 74892 3548 0 925 182 1112 0 0 1 0 0 0 0 0 0 1 211 0 0 0
1468770301 74899 3548 0 925 182 1112 0 0 1 0 0 0 0 0 0 1 211 0 0 0
1468813727 74906 3548 0 925 182 1112 0 0 1 0 0 0 0 0 0 1 211 0 0 0
1468849107 74910 3548 0 925 182 1112 0 0 1 0 0 0 0 0 0 1 211 0 0 0
1468947679 74922 3548 0 925 182 1112 0 0 1 0 0 0 0 0 0 1 211 0 0 0
1468965130 74956 3548 0 925 182 1112 0 0 1 0 0 0 0 0 0 1 211 0 0 0
1468966925 74972 3548 0 925 182 1112 0 0 1 0 0 0 0 0 0 1 211 0 0 0
1468968132 74974 3548 0 925 182 1112 0 0 1 0 0 0 0 0 0 1 211 0 0 0
1468968213 74974 3548 0 925 182 1112 0 0 1 0 0 0 0 0 0 1 211 0 0 0
1468968267 74975 3548 0 925 182 1112 0 0 1 0 0 0 0 0 0 1 211 0 0 0
1468968970 75007 3548 0 925 182 1112 0 0 1 0 0 0 0 0 0 1 211 0 0 0
1469024053 75010 3548 0 925 182 1112 0 0 1 0 0 0 0 0 0 1 211 0 0 0
1469051975 75018 3548 0 925 182 1112 0 0 1 0 0 0 0 0 0 1 211 0 0 0
1469054600 75055 3548 0 925 182 1112 0 0 1 0 0 0 0 0 0 1 211 0 0 0
1469080410 75107 3548 0 925 182 1112 0 0 1 0 0 0 0 0 0 1 211 0 0 0
1469081271 75142 3548 0 925 182 1112 0 0 1 0 0 0 0 0 0 1 211 0 0 0
1469081442 75143 3548 0 925 182 1112 0 0 1 0 0 0 0 0 0 1 211 0 0 0
1469123046 75146 3548 0 925 182 1112 0 0 1 0 0 0 0 0 0 1 211 0 0 0
1469208065 75148 3548 0 925 182 1112 0 0 1 0 0 0 0 0 0 1 211 0 0 0
1469216010 75164 3548 0 925 182 1112 0 0 1 0 0 0 0 0 0 1 211 0 0 0
1469216203 75165 3548 0 925 182 1112 0 0 1 0 0 0 0 0 0 1 211 0 0 0
1469328489 75568 3548 0 925 182 1112 0 0 1 0 0 0 0 0 0 1 211 0 0 0
1469328490 75569 3548 0 925 182 1112 0 0 1 0 0 0 0 0 0 1 211 0 0 0
1469391181 75570 3548 0 925 182 1112 0 0 1 0 0 0 0 0 0 1 211 0 0 0
1469398668 75572 3548 0 925 182 1112 0 0 1 0 0 0 0 0 0 1 211 0 0 0
1469411185 75639 3548 0 925 182 1112 0 0 1 0 0 0 0 0 0 1 211 0 0 0
1469412240 75641 3548 0 925 182 1112 0 0 1 0 0 0 0 0 0 1 211 0 0 0
1469425206 75644 3548 0 925 182 1112 0 0 1 0 0 0 0 0 0 1 211 0 0 0
1469496526 75805 3548 0 925 182 1112 0 0 1 0 0 0 0 0 0 1 211 0 0 0
1469496545 75867 3548 0 925 182 1112 0 0 1 0 0 0 0 0 0 1 211 0 0 0
1469496851 75872 3548 0 925 182 1112 0 0 1 0 0 0 0 0 0 1 211 0 0 0
1469498846 76106 3548 0 925 182 1112 0 0 1 0 0 0 0 0 0 1 211 0 0 0
1469498847 76107 3548 0 925 182 1112 0 0 1 0 0 0 0 0 0 1 211 0 0 0
1469514317 85296 3548 0 925 182 1112 0 0 1 0 0 0 0 0 0 1 211 0 0 0
1469558326 85331 3548 0 925 182 1112 0 0 1 0 0 0 0 0 0 1 211 0 0 0
1469562580 85369 3548 0 925 182 1112 0 0 1 0 0 0 0 0 0 1 211 0 0 0
1469586234 85400 3548 0 925 182 1112 0 0 1 0 0 0 0 0 0 1 211 0 0 0
1469586962 85402 3548 0 925 182 1112 0 0 1 0 0 0 0 0 0 1 211 0 0 0
1469589965 85512 3548 0 925 182 1112 0 0 1 0 0 0 0 0 0 1 211 0 0 0
1469593541 85778 3548 0 925 182 1112 0 0 1 0 0 0 0 0 0 1 211 0 0 0
1469646975 85778 3548 0 925 182 1112 0 9 1 0 0 0 0 0 0 1 211 0 0 0
1469724590 85778 3548 0 925 182 1112 0 9 1 0 0 0 0 0 0 1 211 0 0 0
1469745840 85778 3548 0 925 182 1112 0 9 1 0 0 0 0 0 0 1 211 0 0 0
1469746189 85825 3548 0 925 182 1112 0 9 1 0 0 0 0 0 0 1 211 0 0 0
1469752238 85830 3548 0 925 182 1112 0 9 1 0 0 0 0 0 0 1 211 0 0 0
1469763618 85830 3548 0 925 182 1112 48 9 1 0 0 0 0 0 0 1 211 0 0 0
1469803543 85876 3548 0 925 182 1112 48 9 1 0 0 0 0 0 0 1 211 0 0 0
1469803569 85891 3548 0 925 182 1112 48 9 1 0 0 0 0 0 0 1 211 0 0 0
1469830632 85894 3548 0 925 182 1112 48 9 1 0 0 0 0 0 0 1 211 0 0 0
1469848082 86035 3548 0 925 182 1112 48 9 1 0 0 0 0 0 0 1 211 0 0 0
1469848533 86042 3548 0 925 182 1112 48 9 1 0 0 0 0 0 0 1 211 0 0 0
1469848652 86047 3548 0 925 182 1112 48 9 1 0 0 0 0 0 0 1 211 0 0 0
1469848868 86049 3548 0 925 182 1112 48 9 1 0 0 0 0 0 0 1 211 0 0 0
1469922307 86071 3548 0 925 182 1112 48 9 1 0 0 0 0 0 0 1 211 0 0 0
1469924019 86071 3548 0 925 182 1112 48 9 1 0 0 0 0 0 0 1 211 0 0 0
1469924197 86072 3548 0 925 182 1112 48 9 1 0 0 0 0 0 0 1 211 0 0 0
1469924203 86267 3548 0 925 182 1112 48 9 1 0 0 0 0 0 0 1 211 0 0 0
1469991142 86278 3548 0 925 182 1112 48 9 1 0 0 0 0 0 0 1 211 0 0 0
1469991228 86281 3548 0 925 182 1112 48 9 1 0 0 0 0 0 0 1 211 0 0 0
1470000662 86366 3548 0 925 182 1112 48 9 1 0 0 0 0 0 0 1 211 0 0 0
1470000986 86368 3548 0 925 182 1112 48 9 1 0 0 0 0 0 0 1 211 0 0 0
1470004088 86412 3548 0 925 182 1112 48 9 1 0 0 0 0 0 0 1 211 0 0 0
1470007541 86441 3548 0 925 182 1112 48 9 1 0 0 0 0 0 0 1 211 0 0 0
1470007820 86492 3548 0 925 182 1112 48 9 1 0 0 0 0 0 0 1 211 0 0 0
1470073742 86492 3548 0 925 182 1112 68 9 1 0 0 0 0 0 0 1 211 0 0 0
1470078736 86548 3548 0 925 182 1112 68 9 1 0 0 0 0 0 0 1 211 0 0 0
1470079872 86848 3548 0 925 182 1112 68 9 1 0 0 0 0 0 0 1 211 0 0 0
1470079873 86849 3548 0 925 182 1112 68 9 1 0 0 0 0 0 0 1 211 0 0 0
1470187042 86863 3548 0 925 182 1112 68 9 1 0 0 0 0 0 0 1 211 0 0 0
1470189933 86897 3548 0 925 182 1112 68 9 1 0 0 0 0 0 0 1 211 0 0 0
1470190434 86898 3548 0 925 182 1112 68 9 1 0 0 0 0 0 0 1 211 0 0 0
1470333016 86910 3548 0 925 182 1112 68 9 1 0 0 0 0 0 0 1 211 0 0 0
1470337433 86911 3548 0 925 182 1112 68 9 1 0 0 0 0 0 0 1 211 0 0 0
1470349998 86937 3548 0 925 182 1112 68 9 1 0 0 0 0 0 0 1 211 0 0 0
1470363479 86950 3548 0 925 182 1112 68 9 1 0 0 0 0 0 0 1 211 0 0 0
1470363613 86954 3548 0 925 182 1112 68 9 1 0 0 0 0 0 0 1 211 0 0 0
1470363642 87039 3548 0 925 182 1112 68 9 1 0 0 0 0 0 0 1 211 0 0 0
1470376329 87096 3548 0 925 182 1112 68 9 1 0 0 0 0 0 0 1 211 0 0 0
1470380373 87131 3548 0 925 182 1112 68 9 1 0 0 0 0 0 0 1 211 0 0 0
1470381040 87132 3548 0 925 182 1112 68 9 1 0 0 0 0 0 0 1 211 0 0 0
1470381751 87134 3548 0 925 182 1112 68 9 1 0 0 0 0 0 0 1 211 0 0 0
1470413413 87165 3548 0 925 182 1112 68 9 1 0 0 0 0 0 0 1 211 0 0 0
1470415415 87222 3548 0 925 182 1112 68 9 1 0 0 0 0 0 0 1 211 0 0 0
1470415737 87223 3548 0 925 182 1112 68 9 1 0 0 0 0 0 0 1 211 0 0 0
1470417823 87229 3548 0 925 182 1112 68 9 1 0 0 0 0 0 0 1 211 0 0 0
1470421211 87240 3548 0 925 182 1112 68 9 1 0 0 0 0 0 0 1 211 0 0 0
1470434691 87241 3548 0 925 182 1112 68 9 1 0 0 0 0 0 0 1 211 0 0 0
1470435262 87628 3548 0 925 182 1112 68 9 1 0 0 0 0 0 0 1 211 0 0 0
1470493575 87630 3548 0 925 182 1112 68 9 1 0 0 0 0 0 0 1 211 0 0 0
1470548514 87720 3548 0 925 182 1112 68 9 1 0 0 0 0 0 0 1 211 0 0 0
1470623601 87730 3548 0 925 182 1112 68 9 1 0 0 0 0 0 0 1 211 0 0 0
1470623751 87731 3548 0 925 182 1112 81 9 1 0 0 0 0 0 0 1 211 0 0 0
1470693659 87731 3548 0 925 182 1112 84 9 1 0 0 0 0 0 0 1 211 0 0 0
1470697380 87840 3548 0 925 182 1112 84 9 1 0 0 0 0 0 0 1 211 0 0 0
1470768577 87845 3548 0 925 182 1112 84 9 1 0 0 0 0 0 0 1 211 0 0 0
1470768796 87859 3548 0 925 182 1112 84 9 1 0 0 0 0 0 0 1 211 0 0 0
1470774735 87910 3548 0 925 182 1112 84 9 1 0 0 0 0 0 0 1 211 0 0 0
1470804342 87912 3548 0 925 182 1112 84 9 1 0 0 0 0 0 0 1 211 0 0 0
1470804930 88223 3548 0 925 182 1112 84 9 1 0 0 0 0 0 0 1 211 0 0 0
1470890140 88313 3548 0 925 182 1112 84 9 1 0 0 0 0 0 0 1 211 0 0 0
1470890159 88341 3548 0 925 182 1112 84 9 1 0 0 0 0 0 0 1 211 0 0 0
1470893070 88348 3548 0 925 182 1112 84 9 1 0 0 0 0 0 0 1 211 0 0 0
1470894189 88463 3548 0 925 182 1112 84 9 1 0 0 0 0 0 0 1 211 0 0 0
1470923324 88463 3548 0 925 182 1112 84 9 1 0 0 0 0 0 0 1 211 0 0 0
1470923611 88473 3548 0 925 182 1112 84 9 1 0 0 0 0 0 0 1 211 0 0 0
1470923668 88473 3548 0 925 182 1112 84 9 1 0 0 0 0 0 0 1 211 0 0 0
1470932759 88473 3548 0 925 182 1112 84 9 1 0 0 0 0 0 0 1 211 0 0 0
1470957196 88475 3548 0 925 182 1112 84 9 1 0 0 0 0 0 0 1 211 0 0 0
1470957305 88476 3548 0 925 182 1112 84 9 1 0 0 0 0 0 0 1 211 0 0 0
1470957483 88536 3548 0 925 182 1112 84 9 1 0 0 0 0 0 0 1 211 0 0 0
1470957597 88619 3548 0 925 182 1112 84 9 1 0 0 0 0 0 0 1 211 0 0 0
1471027563 88707 3548 0 925 182 1112 84 9 1 0 0 0 0 0 0 1 211 0 0 0
1471027904 88708 3548 0 925 182 1112 84 9 1 0 0 0 0 0 0 1 211 0 0 0
1471029177 88752 3548 0 925 182 1112 84 9 1 0 0 0 0 0 0 1 211 0 0 0
1471037280 88753 3548 0 925 182 1112 84 9 1 0 0 0 0 0 0 1 211 0 0 0
1471037601 88755 3548 0 925 182 1112 84 9 1 0 0 0 0 0 0 1 211 0 0 0
1471211431 88758 3548 0 925 182 1112 84 9 1 0 0 0 0 0 0 1 211 0 0 0
1471213786 88779 3548 0 925 182 1112 84 9 1 0 0 0 0 0 0 1 211 0 0 0
1471214988 88841 3548 0 925 182 1112 84 9 1 0 0 0 0 0 0 1 211 0 0 0
1471215510 88843 3548 0 925 182 1112 84 9 1 0 0 0 0 0 0 1 211 0 0 0
1471227333 88909 3548 0 925 182 1112 84 9 1 0 0 0 0 0 0 1 211 0 0 0
1471232812 88913 3548 0 925 182 1112 84 9 1 0 0 0 0 0 0 1 211 0 0 0
1471235328 88961 3548 0 925 182 1112 84 9 1 0 0 0 0 0 0 1 211 0 0 0
1471278895 88962 3548 0 925 182 1112 84 9 1 0 0 0 0 0 0 1 211 0 0 0
1471278911 89021 3548 0 925 182 1112 84 9 1 0 0 0 0 0 0 1 211 0 0 0
1471279761 89030 3548 0 925 182 1112 84 9 1 0 0 0 0 0 0 1 211 0 0 0
1471292617 89031 3548 0 925 182 1112 84 9 1 0 0 0 0 0 0 1 211 0 0 0
1471297621 89055 3548 0 925 182 1112 84 9 1 0 0 0 0 0 0 1 211 0 0 0
1471316298 89062 3548 0 925 182 1112 84 9 1 0 0 0 0 0 0 1 211 0 0 0
1471318189 89066 3548 0 925 182 1112 84 9 1 0 0 0 0 0 0 1 211 0 0 0
1471318747 89321 3548 0 925 182 1112 84 9 1 0 0 0 0 0 0 1 211 0 0 0
1471357658 89339 3548 0 925 182 1112 84 9 1 0 0 0 0 0 0 1 211 0 0 0
1471358359 89352 3548 0 925 182 1112 84 9 1 0 0 0 0 0 0 1 211 0 0 0
1471373543 89356 3548 0 925 182 1112 84 9 1 0 0 0 0 0 0 1 211 0 0 0
1471456430 89452 3548 0 925 182 1112 84 9 1 0 0 0 0 0 0 1 211 0 0 0
1471466445 89480 3548 0 925 182 1112 84 9 1 0 0 0 0 0 0 1 211 0 0 0
1471533465 89486 3548 0 925 182 1112 84 9 1 0 0 0 0 0 0 1 211 0 0 0
1471536031 89497 3548 0 925 182 1112 84 9 1 0 0 0 0 0 0 1 211 0 0 0
1471537037 89525 3548 0 925 182 1112 84 9 1 0 0 0 0 0 0 1 211 0 0 0
1471544573 89560 3548 0 925 182 1112 84 9 1 0 0 0 0 0 0 1 211 0 0 0
1471544751 89567 3548 0 925 182 1112 84 9 1 0 0 0 0 0 0 1 211 0 0 0
1471549737 89571 3548 0 925 182 1112 84 9 1 0 0 0 0 0 0 1 211 0 0 0
1471550184 89574 3548 0 925 182 1112 84 9 1 0 0 0 0 0 0 1 211 0 0 0
1471625475 89575 3548 0 925 182 1112 84 9 1 0 0 0 0 0 0 1 211 0 0 0
1471634205 89576 3548 0 925 182 1112 84 9 1 0 0 0 0 0 0 1 211 0 0 0
1471668418 89584 3548 0 925 182 1112 84 9 1 0 0 0 0 0 0 1 211 0 0 0
1471706066 89593 3548 0 925 182 1112 84 9 1 0 0 0 0 0 0 1 211 0 0 0
1471709493 89609 3548 0 925 182 1112 84 9 1 0 0 0 0 0 0 1 211 0 0 0
1471712849 89610 3548 0 925 182 1112 84 9 1 0 0 0 0 0 0 1 211 0 0 0
1471716294 90131 3548 0 925 182 1112 84 9 1 0 0 0 0 0 0 1 211 0 0 0
1471899780 90131 3548 0 925 182 1112 84 9 1 0 0 0 0 0 0 1 211 0 0 0
1471946481 90164 3548 0 925 182 1112 84 9 1 0 0 0 0 0 0 1 211 0 0 0
1471962640 90178 3548 0 925 182 1112 84 9 1 0 0 0 0 0 0 1 211 0 0 0
1472250198 90214 3548 0 925 182 1112 84 9 1 0 0 0 0 0 0 1 211 0 0 0
1472250538 90223 3548 0 925 182 1112 84 9 1 0 0 0 0 0 0 1 211 0 0 0
1472251848 90227 3548 0 925 182 1112 84 9 1 0 0 0 0 0 0 1 211 0 0 0
1472252193 90228 3548 0 925 182 1112 84 9 1 0 0 0 0 0 0 1 211 0 0 0
1472253105 90228 3548 0 925 182 1112 84 9 1 0 0 0 0 0 0 1 211 0 0 0
1472253591 90237 3548 0 925 182 1112 84 9 1 0 0 0 0 0 0 1 211 0 0 0
1472329747 90342 3548 0 925 182 1112 84 9 1 0 0 0 0 0 0 1 211 0 0 0
1472331717 90391 3548 0 925 182 1112 84 9 1 0 0 0 0 0 0 1 211 0 0 0
1472332465 90396 3548 0 925 182 1112 84 9 1 0 0 0 0 0 0 1 211 0 0 0
1472338995 90553 3548 0 925 182 1112 84 9 1 0 0 0 0 0 0 1 211 0 0 0
1472346835 90578 3548 0 925 182 1112 84 9 1 0 0 0 0 0 0 1 211 0 0 0
1472347861 90580 3548 0 925 182 1112 84 9 1 0 0 0 0 0 0 1 211 0 0 0
1472395330 90581 3548 0 925 182 1112 84 9 1 0 0 0 0 0 0 1 211 0 0 0
1472395399 90584 3548 0 925 182 1112 84 9 1 0 0 0 0 0 0 1 211 0 0 0
1472397173 90591 3548 0 925 182 1112 84 9 1 0 0 0 0 0 0 1 211 0 0 0
1472398419 90610 3548 0 925 182 1112 84 9 1 0 0 0 0 0 0 1 211 0 0 0
1472409218 90667 3548 0 925 182 1112 84 9 1 0 0 0 0 0 0 1 211 0 0 0
1472409579 90668 3548 0 925 182 1112 84 9 1 0 0 0 0 0 0 1 211 0 0 0
1472481141 90707 3548 0 925 182 1112 84 9 1 0 0 0 0 0 0 1 211 0 0 0
1472481537 90874 3548 0 925 182 1112 84 9 1 0 0 0 0 0 0 1 211 0 0 0
1472485052 90876 3548 0 925 182 1112 84 9 1 0 0 0 0 0 0 1 211 0 0 0
1472485508 90891 3548 0 925 182 1112 84 9 1 0 0 0 0 0 0 1 211 0 0 0
1472485533 90891 3548 0 925 182 1112 84 9 1 0 0 0 0 0 0 1 211 0 0 0
1472485702 90892 3548 0 925 182 1112 84 9 1 0 0 0 0 0 0 1 211 0 0 0
1472500140 106391 3548 0 925 182 1112 84 9 1 0 0 0 0 0 0 1 211 0 0 0
1472510707 106400 3548 0 925 182 1112 84 9 1 0 0 0 0 0 0 1 211 0 0 0
1472567818 106447 3548 0 925 182 1112 84 9 1 0 0 0 0 0 0 1 211 0 0 0
1472568338 106449 3548 0 925 182 1112 84 9 1 0 0 0 0 0 0 1 211 0 0 0
1472655638 106449 3548 0 925 182 1112 84 9 1 0 0 0 0 0 0 1 211 0 0 0
1472660664 106450 3548 0 925 182 1112 84 9 1 0 0 0 0 0 0 1 211 0 0 0
1472661331 106452 3548 0 925 182 1112 84 9 1 0 0 0 0 0 0 1 211 0 0 0
1472696869 106452 3548 0 925 182 1112 84 9 1 0 0 0 0 0 0 1 211 0 0 0
1472698449 106454 3548 0 925 182 1112 84 9 1 0 0 0 0 0 0 1 211 0 0 0
1472701570 106454 3548 0 925 182 1112 84 9 1 0 7 0 0 0 0 1 211 0 0 0
1472981605 106454 3548 0 925 182 1112 84 9 1 0 7 0 0 0 0 1 211 0 0 0
1473072814 106454 3548 0 925 182 1112 84 9 1 0 56 0 0 0 0 1 211 0 0 0
1473168497 106454 3548 0 925 182 1112 84 9 1 0 68 0 0 0 0 1 211 0 0 0
1473321293 106462 3548 0 925 182 1112 84 9 1 0 68 0 0 0 0 1 211 0 0 0
1473323161 106462 3548 0 925 182 1112 84 39 1 0 68 0 0 0 0 1 211 0 0 0
1473325899 106463 3548 0 925 182 1112 84 39 1 0 68 0 0 0 0 1 211 0 0 0
1473328042 106524 3548 0 925 182 1112 84 39 1 0 68 0 0 0 0 1 211 0 0 0
1473333149 106585 3548 0 925 182 1112 84 39 1 0 68 0 0 0 0 1 211 0 0 0
1473333450 106590 3548 0 925 182 1112 84 39 1 0 68 0 0 0 0 1 211 0 0 0
1473334187 106914 3548 0 925 182 1112 84 39 1 0 68 0 0 0 0 1 211 0 0 0
1473334188 106915 3548 0 925 182 1112 84 39 1 0 68 0 0 0 0 1 211 0 0 0
1473335640 106930 3548 0 925 182 1112 84 39 1 0 68 0 0 0 0 1 211 0 0 0
1473335745 106936 3548 0 925 182 1112 84 39 1 0 68 0 0 0 0 1 211 0 0 0
1473411022 106940 3548 0 925 182 1112 84 39 1 0 68 0 0 0 0 1 211 0 0 0
1473422064 106943 3548 0 925 182 1112 84 39 1 0 68 0 0 0 0 1 211 0 0 0
1473484326 106943 3548 0 925 182 1112 84 39 1 0 68 0 0 0 0 1 211 0 0 0
1473496872 106947 3548 0 925 182 1112 84 39 1 0 68 0 0 0 0 1 211 0 0 0
1473589079 106949 3548 0 925 182 1112 84 39 1 0 68 0 0 0 0 1 211 0 0 0
1473605687 106949 3548 0 925 182 1112 84 39 1 0 68 0 0 0 0 1 211 0 0 0
1473770573 106959 3548 0 925 182 1112 84 39 1 0 68 0 0 0 0 1 211 0 0 0
1473770605 107004 3548 0 925 182 1112 84 39 1 0 68 0 0 0 0 1 211 0 0 0
1473772862 107175 3548 0 925 182 1112 84 39 1 0 68 0 0 0 0 1 211 0 0 0
1473811154 107175 3548 0 925 182 1112 84 39 1 0 110 0 0 0 0 1 211 0 0 0
1473862454 107210 3548 0 925 182 1112 84 39 1 0 110 0 0 0 0 1 211 0 0 0
1473867330 107341 3548 0 925 182 1112 84 39 1 0 110 0 0 0 0 1 211 0 0 0
1474044013 107341 3548 0 925 182 1112 84 41 1 0 110 0 0 0 0 1 211 0 0 0
1474298059 107352 3548 0 925 182 1112 84 41 1 0 110 0 0 0 0 1 211 0 0 0
1474299342 107360 3548 0 925 182 1112 84 41 1 0 110 0 0 0 0 1 211 0 0 0
1474300559 107364 3548 0 925 182 1112 84 41 1 0 110 0 0 0 0 1 211 0 0 0
1474300744 107366 3548 0 925 182 1112 84 41 1 0 110 0 0 0 0 1 211 0 0 0
1474301827 107527 3548 0 925 182 1112 84 41 1 0 110 0 0 0 0 1 211 0 0 0
1474302907 107528 3548 0 925 182 1112 84 41 1 0 110 0 0 0 0 1 211 0 0 0
1474302959 107529 3548 0 925 182 1112 84 41 1 0 110 0 0 0 0 1 211 0 0 0
1474415617 107530 3548 0 925 182 1112 84 41 1 0 110 0 0 0 0 1 211 0 0 0
1474432193 107537 3548 0 925 182 1112 84 41 1 0 110 0 0 0 0 1 211 0 0 0
1474476340 107537 3548 0 925 182 1112 84 78 1 0 110 0 0 0 0 1 211 0 0 0
1474516673 107541 3548 0 925 182 1112 84 78 1 0 110 0 0 0 0 1 211 0 0 0
1474517253 107543 3548 0 925 182 1112 84 78 1 0 110 0 0 0 0 1 211 0 0 0
1474564483 107576 3548 0 925 182 1112 84 78 1 0 110 0 0 0 0 1 211 0 0 0
1474642884 107578 3548 0 925 182 1112 84 78 1 0 110 0 0 0 8 1 211 0 0 0
1474656413 107602 3548 0 925 182 1112 84 78 1 0 110 0 0 0 8 1 211 0 0 0
1474657063 107603 3548 0 925 182 1112 84 78 1 0 110 0 0 0 8 1 211 0 0 0
1474663314 107605 3548 0 925 182 1112 84 78 1 0 110 0 0 0 8 1 211 0 0 0
1474665561 107606 3548 0 925 182 1112 84 78 1 0 110 0 0 0 8 1 211 0 0 0
1474667408 107614 3548 0 925 182 1112 84 78 1 0 110 0 0 0 8 1 211 0 0 0
1474667667 107621 3548 0 925 182 1112 84 78 1 0 110 0 0 0 8 1 211 0 0 0
1474669003 107626 3548 0 925 182 1112 84 78 1 0 110 0 0 0 8 1 211 0 0 0
1474669489 108253 3548 0 925 182 1112 84 78 1 0 110 0 0 0 8 1 211 0 0 0
1474669490 108254 3548 0 925 182 1112 84 78 1 0 110 0 0 0 8 1 211 0 0 0
1474943923 108298 3548 0 925 182 1112 84 78 1 0 110 0 0 0 8 1 211 0 0 0
1474944897 108298 3548 0 925 182 1112 84 78 1 0 110 0 0 0 9 1 211 0 0 0
1474944968 108301 3548 0 925 182 1112 84 78 1 0 110 0 0 0 9 1 211 0 0 0
1475005638 108301 3548 0 925 182 1112 84 78 24 0 110 0 0 0 9 1 211 0 0 0
1475005906 108303 3548 0 925 182 1112 84 78 24 0 110 0 0 0 9 1 211 0 0 0
1475010507 108517 3548 0 925 182 1112 84 78 24 0 110 0 0 0 9 1 211 0 0 0
1475010508 108518 3548 0 925 182 1112 84 78 24 0 110 0 0 0 9 1 211 0 0 0
1475010712 108519 3548 0 925 182 1112 84 78 24 0 110 0 0 0 9 1 211 0 0 0
1475089448 108519 3548 0 925 182 1112 84 78 24 0 110 15 0 0 9 1 211 0 0 0
1475091179 108519 3548 0 925 182 1112 84 78 24 0 110 15 0 0 9 1 211 0 0 0
1475091209 108519 3548 0 925 182 1112 84 78 24 0 110 15 0 0 9 1 211 0 0 0
1475101881 108521 3548 0 925 182 1112 84 78 24 0 110 15 0 0 9 1 211 0 0 0
1475101892 108522 3548 0 925 182 1112 84 78 24 0 110 15 0 0 9 1 211 0 0 0
1475102016 108523 3548 0 925 182 1112 84 78 24 0 110 15 0 0 9 1 211 0 0 0
1475109452 108919 3548 0 925 182 1112 84 78 24 0 110 15 0 0 9 1 211 0 0 0
1475109905 108921 3548 0 925 182 1112 84 78 24 0 110 15 0 0 9 1 211 0 0 0
1475110696 108927 3548 0 925 182 1112 84 78 24 0 110 15 0 0 9 1 211 0 0 0
1475137182 108928 3548 0 925 182 1112 84 78 24 0 110 15 0 0 9 1 211 0 0 0
1475167925 108929 3548 0 925 182 1112 84 78 24 0 110 15 0 0 9 1 211 0 0 0
1475168447 108933 3548 0 925 182 1112 84 78 24 0 110 15 0 0 9 1 211 0 0 0
1475185860 108941 3548 0 925 182 1112 84 78 24 0 110 15 0 0 9 1 211 0 0 0
1475201139 108947 3548 0 925 182 1112 84 78 24 0 110 15 0 0 9 1 211 0 0 0
1475258258 108950 3548 0 925 182 1112 84 78 24 0 159 15 0 0 9 1 211 0 0 0
1475259310 108965 3548 0 925 182 1112 84 78 24 0 159 15 0 0 9 1 211 0 0 0
1475259507 108967 3548 0 925 182 1112 84 78 24 0 159 15 0 0 9 1 211 0 0 0
1475259527 108972 3548 0 925 182 1112 84 78 24 0 159 15 0 0 9 1 211 0 0 0
1475259896 108973 3548 0 925 182 1112 84 78 24 0 159 15 0 0 9 1 211 0 0 0
1475260320 109321 3548 0 925 182 1112 84 78 24 0 159 15 0 0 9 1 211 0 0 0
1475260321 109322 3548 0 925 182 1112 84 78 24 0 159 15 0 0 9 1 211 0 0 0
1475269406 109323 3548 0 925 182 1112 84 78 24 0 159 15 0 0 9 1 211 0 0 0
1475269921 109332 3548 0 925 182 1112 84 78 24 0 159 15 0 0 9 1 211 0 0 0
1475694794 109332 3548 0 925 182 1112 84 78 41 0 159 15 0 0 9 1 211 0 0 0
1475694961 109332 3548 0 925 182 1112 84 78 41 0 159 15 0 0 9 1 211 0 0 0
1475697872 109332 3548 0 925 182 1112 84 78 43 0 159 15 0 0 9 1 211 0 0 0
1475876391 109332 3548 0 925 182 1112 84 78 43 0 159 15 0 0 9 1 211 0 0 0
1475876417 109332 3548 0 925 183 1112 84 78 43 0 159 15 0 0 9 1 211 0 0 0
1475876562 109333 3548 0 925 183 1112 84 78 43 0 159 15 0 0 9 1 211 0 0 0
1475950505 109356 3548 0 925 183 1112 84 78 43 0 159 15 0 0 9 1 211 0 0 0
1475950536 109356 3548 0 925 183 1112 84 109 43 0 159 15 0 0 9 1 211 0 0 0
1475950601 109356 3548 0 925 183 1112 84 109 43 4 159 15 0 0 9 1 211 0 0 0
1476045203 109356 3548 0 925 183 1112 109 109 43 4 159 15 0 0 9 1 211 0 0 0
1476141643 109356 3548 0 925 183 1112 109 109 43 19 159 15 0 0 9 1 211 0 0 0
1476142219 109365 3548 0 925 183 1112 109 109 43 19 159 15 0 0 9 1 211 0 0 0
1476149005 109375 3548 0 925 183 1112 109 109 43 19 159 15 0 0 9 1 211 0 0 0
1476149029 109380 3548 0 925 183 1112 109 109 43 19 159 15 0 0 9 1 211 0 0 0
1476153674 109425 3548 0 925 183 1112 109 109 43 19 159 15 0 0 9 1 211 0 0 0
1476154515 109440 3548 0 925 183 1112 109 109 43 19 159 15 0 0 9 1 211 0 0 0
1476155001 109457 3548 0 925 183 1112 109 109 43 19 159 15 0 0 9 1 211 0 0 0
1476155734 109458 3548 0 925 183 1112 109 109 43 19 159 15 0 0 9 1 211 0 0 0
1476155855 109459 3548 0 925 183 1112 109 109 43 19 159 15 0 0 9 1 211 0 0 0
1476156324 109490 3548 0 925 183 1112 109 109 43 19 159 15 0 0 9 1 211 0 0 0
1476157977 109506 3548 0 925 183 1112 109 109 43 19 159 15 0 0 9 1 211 0 0 0
1476204810 109506 3548 0 925 183 1112 109 109 43 44 159 15 0 0 9 1 211 0 0 0
1476204831 109507 3548 0 925 183 1112 109 109 43 44 159 15 0 0 9 1 211 0 0 0
1476205534 109508 3548 0 925 183 1112 109 109 43 44 159 15 0 0 9 1 211 0 0 0
1476209414 109508 3548 0 925 183 1112 109 109 43 47 159 15 0 0 9 1 211 0 0 0
1476221555 109523 3548 0 925 183 1112 109 109 43 47 159 15 0 0 9 1 211 0 0 0
1476222800 109528 3548 0 925 183 1112 109 109 43 47 159 15 0 0 9 1 211 0 0 0
1476223082 109528 3548 0 925 183 1112 109 109 43 47 159 15 0 0 9 1 211 0 0 0
1476224291 109563 3548 0 925 183 1112 109 109 43 47 159 15 0 0 9 1 211 0 0 0
1476228721 109581 3548 0 925 183 1112 109 109 43 47 159 15 0 0 9 1 211 0 0 0
1476232273 109694 3548 0 925 183 1112 109 109 43 47 159 15 0 0 9 1 211 0 0 0
1476233350 109774 3548 0 925 183 1112 109 109 43 47 159 15 0 0 9 1 211 0 0 0
1476233428 109775 3548 0 925 183 1112 109 109 43 47 159 15 0 0 9 1 211 0 0 0
1476244733 109804 3548 0 925 183 1112 109 109 43 47 159 15 0 0 9 1 211 0 0 0
1476248046 116511 3548 0 925 183 1112 109 109 43 47 159 15 0 0 9 1 211 0 0 0
1476248047 116512 3548 0 925 183 1112 109 109 43 47 159 15 0 0 9 1 211 0 0 0
1476292941 116512 3548 0 925 183 1112 109 109 43 47 159 15 0 0 9 1 211 0 0 3
1476293202 116512 3548 0 925 183 1112 109 109 43 74 159 15 0 0 9 1 211 0 0 3
1476293336 116513 3548 0 925 183 1112 109 109 43 74 159 15 0 0 9 1 211 0 0 3
1476293499 116518 3548 0 925 183 1112 109 109 43 74 159 15 0 0 9 1 211 0 0 3
1476295665 116684 3548 0 925 183 1112 109 109 43 74 159 15 0 0 9 1 211 0 0 3
1476302354 116692 3548 0 925 183 1112 109 109 43 74 159 15 0 0 9 1 211 0 0 3
1476304316 116693 3548 0 925 183 1112 109 109 43 74 159 15 0 0 9 1 211 0 0 3
1476306732 116710 3548 0 925 183 1112 109 109 43 74 159 15 0 0 9 1 211 0 0 3
1476308588 116717 3548 0 925 183 1112 109 109 43 74 159 15 0 0 9 1 211 0 0 3
1476343067 116722 3548 0 925 183 1112 109 109 43 74 159 15 0 0 9 1 211 0 0 3
1476343101 116724 3548 0 925 183 1112 109 109 43 74 159 15 0 0 9 1 211 0 0 3
1476344119 116727 3548 0 925 183 1112 109 109 43 74 159 15 0 0 9 1 211 0 0 3
1476344547 116728 3548 0 925 183 1112 109 109 43 74 159 15 0 0 9 1 211 0 0 3
1476349535 116759 3548 0 925 183 1112 109 109 43 74 159 15 0 0 9 1 211 0 0 3
1476350391 116766 3548 0 925 183 1112 109 109 43 74 159 15 0 0 9 1 211 0 0 3
1476350847 117201 3548 0 925 183 1112 109 109 43 74 159 15 0 0 9 1 211 0 0 3
1476350848 117202 3548 0 925 183 1112 109 109 43 74 159 15 0 0 9 1 211 0 0 3
1476451509 117202 3548 0 925 183 1112 109 109 43 75 159 15 0 0 9 1 211 0 0 3
1476451674 117202 3548 0 925 183 1112 208 109 43 75 159 15 0 0 9 1 211 0 0 3
1476671782 117202 3548 0 925 183 1112 208 109 43 75 159 15 0 0 9 1 211 0 0 3
1476672219 117202 3548 0 925 183 1112 208 109 43 75 159 15 0 0 9 1 211 0 0 3
1476672710 117204 3548 0 925 183 1112 208 109 43 75 159 15 0 0 9 1 211 0 0 3
1476696622 117204 3548 0 925 183 1112 208 109 43 75 159 15 0 0 9 1 211 0 0 3
1476887597 117204 3548 0 925 183 1112 208 109 43 75 159 15 0 0 9 1 211 0 0 3
1476890482 117204 3548 0 925 183 1112 208 109 43 75 159 15 0 0 9 1 211 0 0 3
1477110239 117204 3548 0 925 183 1112 208 109 43 75 159 15 0 0 9 1 211 0 0 3
1477119452 117204 3548 0 925 183 1112 208 109 43 306 159 15 0 0 9 1 211 0 0 3
1477124855 117234 3548 0 925 183 1112 208 109 43 306 159 15 0 0 9 1 211 0 0 3
1477311907 117234 3548 0 925 183 1112 208 109 43 306 159 15 0 0 9 1 211 0 0 3
1477313531 117234 3548 0 925 183 1112 208 109 46 306 159 15 0 0 9 1 211 0 0 3
1477929298 117234 3548 0 925 183 1112 208 109 46 306 159 15 0 0 9 1 211 0 0 3
1477932448 117257 3548 0 925 183 1112 208 109 46 306 159 15 0 0 9 1 211 0 0 3
1477933601 117259 3548 0 925 183 1112 208 109 46 306 159 15 0 0 9 1 211 0 0 3
1477945718 117268 3548 0 925 183 1112 208 109 46 306 159 15 0 0 9 1 211 0 0 3
1478013445 117268 3548 0 925 183 1112 214 109 46 306 159 15 0 0 9 1 211 0 0 3
1478014243 117268 3548 0 925 197 1112 214 109 46 306 159 15 0 0 9 1 211 0 0 3
1478015327 117268 3548 0 925 197 1112 214 109 46 306 159 15 0 0 9 1 211 0 0 3
1478015422 117268 3548 104 925 197 1112 214 109 46 306 159 15 0 0 9 1 211 0 0 3
1478022475 117280 3548 104 925 197 1112 214 109 46 306 159 15 0 0 9 1 211 0 0 3
1478030016 117336 3548 104 925 197 1112 214 109 46 306 159 15 0 0 9 1 211 0 0 3
1478116257 117387 3548 104 925 197 1112 214 109 46 306 159 15 0 0 9 1 211 0 0 3
1478127069 117405 3548 104 925 197 1112 214 109 46 306 159 15 0 0 9 1 211 0 0 3
1478140476 117534 3548 104 925 197 1112 214 109 46 306 159 15 0 0 9 1 211 0 0 3
1478148829 117556 3548 104 925 197 1112 214 109 46 306 159 15 0 0 9 1 211 0 0 3
1478184823 117556 3548 104 925 197 1112 214 109 46 306 159 15 0 0 9 1 211 0 0 3
1478192827 117556 3548 104 925 197 1112 214 109 46 306 161 15 0 0 9 1 211 0 0 3
1478204585 117558 3548 104 925 197 1112 214 109 46 306 161 15 0 0 9 1 211 0 0 3
1478204753 117563 3548 104 925 197 1112 214 109 46 306 161 15 0 0 9 1 211 0 0 3
1478219840 117563 3548 104 925 197 1112 214 109 46 306 161 15 0 0 9 1 211 0 0 3
1478259887 117563 3548 104 925 197 1112 214 109 46 306 161 33 0 0 9 1 211 0 0 3
1478266510 117563 3548 104 925 197 1112 214 109 46 306 161 33 0 0 9 1 211 0 0 3
1478266732 117563 3548 104 925 197 1112 214 109 46 306 161 159 0 0 9 1 211 0 0 3
1478278395 117640 3548 104 925 197 1112 214 109 46 306 161 159 0 0 9 1 211 0 0 3
1478278493 117640 3548 104 925 197 1112 214 109 46 306 161 159 0 0 9 1 211 0 0 3
1478290969 117646 3548 104 925 197 1112 214 109 46 306 161 159 0 0 9 1 211 0 0 3
1478292422 126279 3548 104 925 197 1112 214 109 46 306 161 159 0 0 9 1 211 0 0 3
1478292423 126280 3548 104 925 197 1112 214 109 46 306 161 159 0 0 9 1 211 0 0 3
1478303291 126303 3548 104 925 197 1112 214 109 46 306 161 159 0 0 9 1 211 0 0 3
1478307077 126307 3548 104 925 197 1112 214 109 46 306 161 159 0 0 9 1 211 0 0 3
1478311086 126314 3548 104 925 197 1112 214 109 46 306 161 159 0 0 9 1 211 0 0 3
1478311251 126326 3548 104 925 197 1112 214 109 46 306 161 159 0 0 9 1 211 0 0 3
1478312385 126327 3548 104 925 197 1112 214 109 46 306 161 159 0 0 9 1 211 0 0 3
1478314170 126379 3548 104 925 197 1112 214 109 46 306 161 159 0 0 9 1 211 0 0 3
1478317646 126580 3548 104 925 197 1112 214 109 46 306 161 159 0 0 9 1 211 0 0 3
1478359437 126580 3548 104 925 197 1112 214 109 46 306 161 159 0 0 9 2 211 0 0 3
1478359704 126582 3548 104 925 197 1112 214 109 46 306 161 159 0 0 9 2 211 0 0 3
1478371050 126600 3548 104 925 197 1112 214 109 46 306 161 159 0 0 9 2 211 0 0 3
1478536417 126600 3548 143 925 197 1112 214 109 46 306 161 159 0 0 9 2 211 0 0 3
1478553588 126634 3548 382 925 197 1112 214 109 46 306 161 159 0 0 9 2 211 0 0 3
1478553951 140053 3548 382 925 197 1112 214 109 46 306 161 159 0 0 9 2 211 0 0 3
1478557666 140076 3548 382 925 197 1112 214 109 46 306 161 159 0 0 9 2 211 0 0 3
1478557885 140089 3548 382 925 197 1112 214 109 46 306 161 159 0 0 9 2 211 0 0 3
1478620989 140173 3548 382 925 197 1112 214 109 46 306 161 159 0 0 9 2 211 0 0 3
1478621140 140202 3548 382 925 197 1112 214 109 46 306 161 159 0 0 9 2 211 0 0 3
1478659199 140202 3548 382 925 197 1112 214 109 46 306 161 159 6 0 9 2 211 0 0 3
1478725589 140204 3548 382 925 197 1112 214 109 46 306 161 159 6 0 9 2 211 0 0 3
1478732907 140208 3548 382 925 197 1112 214 109 46 306 161 159 6 0 9 2 211 0 0 3
1478732973 140212 3548 382 925 197 1112 214 109 46 306 161 159 6 0 9 2 211 0 0 3
1478744341 140357 3548 382 925 197 1112 214 109 46 306 161 159 6 0 9 2 211 0 0 3
1478913911 140358 3548 382 925 197 1112 214 109 46 306 161 159 6 0 9 2 211 0 0 3
1478968431 140358 3548 382 925 197 1112 214 109 46 306 161 159 216 0 9 2 211 0 0 3
1479007005 140370 3548 382 925 197 1112 214 109 46 306 161 159 216 0 9 2 211 0 0 3
1479060908 140370 3548 395 925 197 1112 214 109 46 306 161 159 216 0 9 2 211 0 0 3
1479063842 140373 3548 395 925 197 1112 214 109 46 306 161 159 216 0 9 2 211 0 0 3
1479064054 140375 3548 395 925 197 1112 214 109 46 306 161 159 216 0 9 2 211 0 0 3
1479158421 140375 3548 496 925 197 1112 214 109 46 306 161 159 216 0 9 2 211 0 0 3
1479225908 140427 3548 496 925 197 1112 214 109 46 306 161 159 216 0 9 2 211 0 0 3
1479230979 140435 3548 496 925 197 1112 214 109 46 306 161 159 216 0 9 2 211 0 0 3
1479235317 140442 3548 496 925 197 1112 214 109 46 306 161 159 216 0 9 2 211 0 0 3
1479240904 140447 3548 496 925 197 1112 214 109 46 306 161 159 216 0 9 2 211 0 0 3
1479241294 140447 3548 496 925 197 1112 214 109 46 306 161 159 216 0 9 2 211 0 0 3
1479241319 140448 3548 496 925 197 1112 214 109 46 306 161 159 216 0 9 2 211 0 0 3
1479243206 140454 3548 496 925 197 1112 214 109 46 306 161 159 216 0 9 2 211 0 0 3
1479246312 140474 3548 496 925 197 1112 214 109 46 306 161 159 216 0 9 2 211 0 0 3
1479249542 140476 3548 496 925 197 1112 214 109 46 306 161 159 216 0 9 2 211 0 0 3
1479251102 147273 3548 496 925 197 1112 214 109 46 306 161 159 216 0 9 2 211 0 0 3
1479251440 148066 3548 496 925 197 1112 214 109 46 306 161 159 216 0 9 2 211 0 0 3
1479251460 148067 3548 496 925 197 1112 214 109 46 306 161 159 216 0 9 2 211 0 0 3
1479264227 148068 3548 496 925 197 1112 214 109 46 306 161 159 216 0 9 2 211 0 0 3
1479269270 148094 3548 496 925 197 1112 214 109 46 306 161 159 216 0 9 2 211 0 0 3
1479313540 148105 3548 496 925 197 1112 214 109 46 306 161 159 216 0 9 2 211 0 0 3
1479315987 148105 3548 496 925 197 1112 214 109 46 306 161 159 216 0 9 2 211 0 0 3
1479333265 156409 3548 496 925 197 1112 214 109 46 306 161 159 216 0 9 2 211 0 0 3
1479392202 156409 3548 496 925 197 1112 214 109 46 306 161 159 216 0 9 2 211 0 0 3
1479399954 156409 3548 518 925 197 1112 214 109 46 306 161 159 216 0 9 2 211 0 0 3
1479424088 156436 3548 518 925 197 1112 214 109 46 306 161 159 216 0 9 2 211 0 0 3
1479424510 156450 3548 518 925 197 1112 214 109 46 306 161 159 216 0 9 2 211 0 0 3
1479486965 156472 3548 518 925 197 1112 214 109 46 306 161 159 216 0 9 2 211 0 0 3
1479487622 156481 3548 518 925 197 1112 214 109 46 306 161 159 216 0 9 2 211 0 0 3
1479488216 156485 3548 518 925 197 1112 214 109 46 306 161 159 216 0 9 2 211 0 0 3
1479489192 156504 3548 518 925 197 1112 214 109 46 306 161 159 216 0 9 2 211 0 0 3
1479490441 156506 3548 518 925 197 1112 214 109 46 306 161 159 216 0 9 2 211 0 0 3
1479519513 156541 3548 518 925 197 1112 214 109 46 306 161 159 216 0 9 2 211 0 0 3
1479519705 156541 3548 518 925 197 1112 214 109 46 306 161 159 216 0 9 2 211 0 0 3
1479524041 156543 3548 518 925 197 1112 214 109 46 306 161 159 216 0 9 2 211 0 0 3
1479558456 156543 3548 518 925 197 1112 214 109 46 306 161 163 216 0 9 2 211 0 0 3
1479609937 156544 3548 518 925 197 1112 214 109 46 306 161 163 216 0 9 2 211 0 0 3
1479611286 156606 3548 518 925 197 1112 214 109 46 306 161 163 216 0 9 2 211 0 0 3
1479611698 156884 3548 518 925 197 1112 214 109 46 306 161 163 216 0 9 2 211 0 0 3
1479611699 156885 3548 518 925 197 1112 214 109 46 306 161 163 216 0 9 2 211 0 0 3
1479653020 156885 3548 565 925 197 1112 214 109 46 306 161 163 216 0 9 2 211 0 0 3
1479653191 156885 3548 565 925 197 1112 214 109 46 306 161 163 216 0 9 2 211 21 0 3
1479653438 156885 3548 565 925 197 1112 268 109 46 306 161 163 216 0 9 2 211 21 0 3
1479659862 156885 3548 565 925 197 1112 268 109 131 306 161 163 216 0 9 2 211 21 0 3
1479661150 156893 3548 565 925 197 1112 268 110 131 306 161 163 216 0 9 2 211 21 0 3
1479661404 157700 3548 565 925 197 1112 268 110 131 306 161 163 216 0 9 2 211 21 0 3
1479695755 157727 3548 565 925 197 1112 268 110 131 306 161 163 216 0 9 2 211 21 0 3
1479696145 157749 3548 565 925 197 1112 268 110 131 306 161 163 216 0 9 2 211 21 0 3
1479739866 157867 3548 565 925 197 1112 268 110 131 306 161 163 216 0 9 2 211 21 0 3
1479742074 157868 3548 565 925 197 1112 268 110 131 306 161 163 216 0 9 2 211 21 0 3
1479742197 157877 3548 565 925 197 1112 268 110 131 306 161 163 216 0 9 2 211 21 0 3
1479743553 157879 3548 565 925 197 1112 268 110 131 306 161 163 216 0 9 2 211 21 0 3
1479746478 157889 3548 565 925 197 1112 268 110 131 306 161 163 216 0 9 2 211 21 0 3
1479759894 157937 3548 897 925 197 1112 268 110 131 306 161 163 216 0 9 2 211 21 0 3
1479764692 157938 3548 897 925 197 1112 268 110 131 306 161 163 216 0 9 2 211 21 0 3
1479767643 157961 3548 897 925 197 1112 268 110 131 306 161 163 216 0 9 2 211 21 0 3
1479824541 157961 3548 897 925 197 1112 268 125 131 306 161 163 216 0 9 2 211 21 0 3
1479827462 157963 3548 897 925 197 1112 268 125 131 306 161 163 216 0 9 2 211 21 0 3
1479831307 170104 3548 897 925 197 1112 268 125 131 306 161 163 216 0 9 2 211 21 0 3
1479912172 170127 3548 897 925 197 1112 268 125 131 306 161 163 216 0 9 2 211 21 0 3
1479923845 170165 3548 897 925 197 1112 268 125 131 306 161 163 216 0 9 2 211 21 0 3
1479924909 170185 3548 897 925 197 1112 268 125 131 306 161 163 216 0 9 2 211 21 0 3
1479925132 170185 3548 897 925 197 1112 268 125 131 306 161 230 216 0 9 2 211 21 0 3
1479934841 170475 3548 897 925 197 1112 268 125 131 306 161 230 216 0 9 2 211 21 0 3
1479934842 170476 3548 897 925 197 1112 268 125 131 306 161 230 216 0 9 2 211 21 0 3
1479941201 170504 3548 897 925 197 1112 268 125 131 306 161 230 216 0 9 2 211 21 0 3
1479942275 170508 3548 897 925 197 1112 268 125 131 306 161 230 216 0 9 2 211 21 0 3
1479944125 170512 3548 897 925 197 1112 268 125 131 306 161 230 216 0 9 2 211 21 0 3
1479944510 170600 3548 897 925 197 1112 268 125 131 306 161 230 216 0 9 2 211 21 0 3
1479944525 170601 3548 897 925 197 1112 268 125 131 306 161 230 216 0 9 2 211 21 0 3
1479946911 170616 3548 897 925 197 1112 268 125 131 306 161 230 216 0 9 2 211 21 0 3
1479946923 170617 3548 897 925 197 1112 268 125 131 306 161 230 216 0 9 2 211 21 0 3
1479999740 170648 3548 897 925 197 1112 268 125 131 306 161 230 216 0 9 2 211 21 0 3
1480000322 170651 3548 897 925 197 1112 268 125 131 306 161 230 216 0 9 2 211 21 0 3
1480000505 170658 3548 897 925 197 1112 268 125 131 306 161 230 216 0 9 2 211 21 0 3
1480003407 170659 3548 897 925 197 1112 268 125 131 306 161 230 216 0 9 2 211 21 0 3
1480004485 170661 3548 897 925 197 1112 268 125 131 306 161 230 216 0 9 2 211 21 0 3
1480006220 170679 3548 897 925 197 1112 268 125 131 306 161 230 216 0 9 2 211 21 0 3
1480006851 170712 3548 897 925 197 1112 268 125 131 306 161 230 216 0 9 2 211 21 0 3
1480007861 170722 3548 897 925 197 1112 268 125 131 306 161 230 216 0 9 2 211 21 0 3
1480009647 170735 3548 897 925 197 1112 268 125 131 306 161 230 216 0 9 2 211 21 0 3
1480009993 170749 3548 897 925 197 1112 268 125 131 306 161 230 216 0 9 2 211 21 0 3
1480010359 170757 3548 897 925 197 1112 268 125 131 306 161 230 216 0 9 2 211 21 0 3
1480086381 170784 3548 897 925 197 1112 268 125 131 306 161 230 216 0 9 2 211 21 0 3
1480093709 170784 3548 899 925 197 1112 268 125 131 306 161 230 216 0 9 2 211 21 0 3
1480093722 170784 3548 899 925 197 1112 268 167 131 306 161 230 216 0 9 2 211 21 0 3
1480095702 170819 3548 899 925 197 1112 268 167 131 306 161 230 216 0 9 2 211 21 0 3
1480095749 170819 3548 899 925 197 1112 268 167 131 306 161 230 216 0 9 2 211 21 0 3
1480097084 170832 3548 899 925 197 1112 268 167 131 306 161 230 216 0 9 2 211 21 0 3
1480097771 170849 3548 899 925 197 1112 268 167 131 306 161 230 216 0 9 2 211 21 0 3
1480108194 170851 3548 899 925 197 1112 268 167 131 306 161 230 216 0 9 2 211 21 0 3
1480111960 170973 3548 899 925 197 1112 268 167 131 306 161 230 216 0 9 2 211 21 0 3
1480194354 171551 3548 899 925 197 1112 268 167 131 306 161 230 216 0 9 2 211 21 0 3
1480194414 171552 3548 899 925 197 1112 268 167 131 306 161 230 216 0 9 2 211 21 0 3
1480420173 171552 3555 899 925 197 1112 268 167 131 306 161 230 216 0 9 2 211 21 0 3
1480450071 171552 3555 899 925 197 1112 268 167 131 306 161 230 220 0 9 2 211 21 0 3
1480526118 171552 3555 899 925 197 1112 268 167 131 306 161 230 220 0 9 2 211 186 0 3
1480526170 171552 3555 948 925 197 1112 268 167 131 306 161 230 220 0 9 2 211 186 0 3
1480527116 171592 3555 948 925 197 1112 268 167 131 306 161 230 220 0 9 2 211 186 0 3
1480532000 171592 3555 991 925 197 1112 268 167 131 306 161 230 220 0 9 2 211 186 0 3
1480533640 171625 3555 991 925 197 1112 268 167 131 306 161 230 220 0 9 2 211 186 0 3
1480566543 171694 3555 991 925 197 1112 268 167 131 306 161 230 220 0 9 2 211 186 0 3
1480566763 171709 3555 991 925 197 1112 268 167 131 306 161 230 220 0 9 2 211 186 0 3
1480604314 171780 3555 991 925 197 1112 268 167 131 306 161 230 220 0 9 2 211 186 0 3
1480620715 171799 3555 991 925 197 1112 268 167 131 306 161 230 220 0 9 2 211 186 0 3
1480632391 171801 3555 991 925 197 1112 268 167 131 306 161 230 220 0 9 2 211 186 0 3
1480632449 171811 3555 991 925 197 1112 268 167 131 306 161 230 220 0 9 2 211 186 0 3
1480635166 171818 3555 991 925 197 1112 268 167 131 306 161 230 220 0 9 2 211 186 0 3
1480639517 171825 3555 991 925 197 1112 268 167 131 306 161 230 220 0 9 2 211 186 0 3
1480647678 182154 3555 991 925 197 1112 268 167 131 306 161 230 220 0 9 2 211 186 0 3
1480647679 182155 3555 991 925 197 1112 268 167 131 306 161 230 220 0 9 2 211 186 0 3
1480686880 182157 3555 991 925 197 1112 268 167 131 306 161 230 220 0 9 2 211 186 0 3
1480837206 182396 3555 991 925 197 1112 270 167 131 306 161 230 220 0 9 2 211 186 0 3
1480869293 182418 3555 991 925 197 1112 270 167 131 306 161 230 220 0 9 2 211 186 0 3
1480870245 182428 3555 991 925 197 1112 270 167 131 306 161 230 220 0 9 2 211 186 0 3
1480901391 182500 3555 991 925 197 1112 270 167 131 306 161 230 220 0 9 2 211 186 0 3
1481147050 182507 3555 991 925 197 1112 270 167 131 306 161 230 220 0 9 2 211 186 0 3
1481147309 182512 3555 991 925 197 1112 270 167 131 306 161 230 220 0 9 2 211 186 0 3
1481150063 182536 3555 991 925 197 1112 270 167 131 306 161 230 220 0 9 2 211 186 0 3
1481150427 182540 3555 991 925 197 1112 270 167 131 306 161 230 220 0 9 2 211 186 0 3
1481209298 182540 3555 991 925 197 1112 270 167 137 306 161 230 220 0 9 2 211 186 0 3
1481212590 182602 3555 991 925 197 1112 270 167 137 306 161 230 220 0 9 2 211 186 0 3
1481216268 182604 3555 991 925 197 1112 270 167 137 306 161 230 220 0 9 2 211 186 0 3
1481217131 182610 3555 991 925 197 1112 270 167 137 306 161 230 220 0 9 2 211 186 0 3
1481217982 182615 3555 991 925 197 1112 270 167 137 306 161 230 220 0 9 2 211 186 0 3
1481220933 182636 3555 991 925 197 1112 270 167 137 306 161 230 220 0 9 2 211 186 0 3
1481226974 182636 3555 991 925 197 1112 270 167 137 306 161 230 220 7 9 2 211 186 0 3
1481227106 182644 3555 991 925 197 1112 270 167 137 306 161 230 220 7 9 2 211 186 0 3
1481230946 182672 3555 991 925 197 1112 270 167 137 306 161 230 220 7 9 2 211 186 0 3
1481234049 182701 3555 991 925 197 1112 270 167 137 306 161 230 220 7 9 2 211 186 0 3
1481304012 182715 3555 991 925 197 1112 270 167 137 306 161 230 220 7 9 2 211 186 0 3
1481305873 182715 3555 991 925 209 1112 270 167 137 306 161 230 220 7 9 2 211 186 0 3
1481469383 182715 3555 1004 925 209 1112 270 167 137 306 161 230 220 7 9 2 211 186 0 3
1481570532 182716 3555 1004 925 209 1112 270 167 137 306 161 230 220 7 9 2 211 186 0 3
1481570564 182718 3555 1004 925 209 1112 270 167 137 306 161 230 220 7 9 2 211 186 0 3
1481592438 182718 3555 1004 925 209 1112 270 167 137 306 161 230 220 7 9 2 211 186 0 3
1481596236 182743 3555 1004 925 209 1112 270 167 137 306 161 230 220 7 9 2 211 186 0 3
1481596450 182744 3555 1004 925 209 1112 270 167 137 306 161 230 220 7 9 2 211 186 0 3
1481597947 182746 3555 1004 925 209 1112 270 167 137 306 161 230 220 7 9 2 211 186 0 3
1481598569 184865 3555 1004 925 209 1112 270 167 137 306 161 230 220 7 9 2 211 186 0 3
1481605220 184865 3555 1004 925 209 1112 270 167 137 306 161 230 220 7 9 2 211 186 1 3
1481647945 184865 3555 1016 925 209 1112 270 167 137 306 161 230 220 7 9 2 211 186 1 3
1481648557 184892 3555 1016 925 209 1112 270 167 137 306 161 230 220 7 9 2 211 186 1 3
1481648626 184893 3555 1016 925 209 1112 270 167 137 306 161 230 220 7 9 2 211 186 1 3
1481649747 184947 3555 1016 925 209 1112 270 167 137 306 161 230 220 7 9 2 211 186 1 3
1481649748 184948 3555 1016 925 209 1112 270 167 137 306 161 230 220 7 9 2 211 186 1 3
1481675347 184975 3555 1016 925 209 1112 270 167 137 306 161 230 220 7 9 2 211 186 1 3
1481677254 185046 3555 1016 925 209 1112 270 167 137 306 161 230 220 7 9 2 211 186 1 3
1481677965 185055 3555 1016 925 209 1112 270 167 137 306 161 230 220 7 9 2 211 186 1 3
1481678182 185056 3555 1016 925 209 1112 270 167 137 306 161 230 220 7 9 2 211 186 1 3
1481680872 185068 3555 1016 925 209 1112 270 167 137 306 161 230 220 7 9 2 211 186 1 3
1481682150 185078 3555 1016 925 209 1112 270 167 137 306 161 230 220 7 9 2 211 186 1 3
1481732693 185092 3555 1016 925 209 1112 270 167 137 306 161 230 220 7 9 2 211 186 1 3
1481736174 185171 3555 1016 925 209 1112 270 167 137 306 161 230 220 7 9 2 211 186 1 3
1481736458 185196 3555 1016 925 209 1112 270 167 137 306 161 230 220 7 9 2 211 186 1 3
1481736570 185197 3555 1016 925 209 1112 270 167 137 306 161 230 220 7 9 2 211 186 1 3
1481737348 185204 3555 1016 925 209 1112 270 167 137 306 161 230 220 7 9 2 211 186 1 3
1481907053 185204 3555 1016 925 209 1112 270 167 156 306 161 230 220 7 9 2 211 186 1 3
1482162992 185204 3555 1016 925 209 1112 270 167 156 306 161 230 285 7 9 2 211 186 1 3
1482200407 185204 3555 1016 925 209 1112 270 167 156 306 161 230 285 7 9 2 211 186 1 3
1482200478 185205 3555 1016 925 209 1112 270 167 156 306 161 230 285 7 9 2 211 186 1 3
1482291054 185205 3557 1016 925 209 1112 270 167 156 306 161 230 285 7 9 2 211 186 1 3
1482354514 185239 3557 1016 925 209 1112 270 167 156 306 161 230 285 7 9 2 211 186 1 3
1482355144 185239 3557 1045 925 209 1112 270 167 156 306 161 230 285 7 9 2 211 186 1 3
1482355218 185239 3557 1045 925 209 1112 270 167 156 306 161 230 285 7 9 2 211 186 1 3
1482355374 185239 3557 1147 925 209 1112 270 167 156 306 161 230 285 7 9 2 211 186 1 3
1482356512 185242 3557 1147 925 209 1112 270 167 156 306 161 230 285 7 9 2 211 186 1 3
1482375830 185351 3557 1147 925 209 1112 270 167 156 306 161 230 285 7 9 2 211 186 1 3
1482377721 185373 3557 1147 925 209 1112 270 167 156 306 161 230 285 7 9 2 211 186 1 3
1482377752 185373 3557 1216 925 209 1112 270 167 156 306 161 230 285 7 9 2 211 186 1 3
1482380841 185428 3557 1216 925 209 1112 270 167 156 306 161 230 285 7 9 2 211 186 1 3
1482381316 185429 3557 1216 925 209 1112 270 167 156 306 161 230 285 7 9 2 211 186 1 3
1482459460 185429 3557 1231 925 209 1112 270 167 156 306 161 230 285 7 9 2 211 186 1 3
1482463977 185472 3557 1231 925 209 1112 270 167 156 306 161 230 285 7 9 2 211 186 1 3
1482465785 185477 3557 1231 925 209 1112 270 167 156 306 161 230 285 7 9 2 211 186 1 3
1482468010 185508 3557 1231 925 209 1112 270 167 156 306 161 230 285 7 9 2 211 186 1 3
1482468584 185510 3557 1231 925 209 1112 270 167 156 306 161 230 285 7 9 2 211 186 1 3
1482541731 185522 3557 1231 925 209 1112 270 167 156 306 161 230 285 7 9 2 211 186 1 3
1482597375 188556 3557 1231 925 209 1112 270 167 156 306 161 230 285 7 9 2 211 186 1 3
1482597377 188557 3557 1231 925 209 1112 270 167 156 306 161 230 285 7 9 2 211 186 1 3
1482690571 188557 3557 1231 925 209 1112 270 167 156 306 161 230 285 8 9 2 211 186 1 3
1482764095 188559 3557 1231 925 209 1112 270 167 156 306 161 249 285 8 9 2 211 186 1 3
1482766368 188567 3557 1231 925 209 1112 270 167 156 306 161 249 285 8 9 2 211 186 1 3
1482776912 188567 3557 1244 925 209 1112 270 167 156 306 161 249 285 8 9 2 211 186 1 3
1482851805 188614 3557 1244 925 209 1112 270 167 156 306 161 249 285 8 9 2 211 186 1 3
1482851844 188614 3557 1244 925 209 1112 270 167 156 306 161 249 285 8 9 2 211 186 1 3
1482853019 188614 3557 1244 925 209 1112 270 167 156 306 161 249 285 8 9 2 211 186 1 3
1482858613 188620 3557 1244 925 209 1112 270 167 156 306 161 249 285 8 9 2 211 186 1 3
1482865900 188667 3557 1244 925 209 1112 270 167 156 306 161 249 285 8 9 2 211 186 1 3
1482865905 188761 3557 1244 925 209 1112 270 167 156 306 161 249 285 8 9 2 211 186 1 3
1482869028 188868 3557 1244 925 209 1112 270 167 156 306 161 249 285 8 9 2 211 186 1 3
1482872337 188873 3557 1244 925 209 1112 270 167 156 306 161 249 285 8 9 2 211 186 1 3
1482872949 188873 3557 1244 925 209 1112 270 167 156 306 161 249 285 8 42 2 211 186 1 3
1482872961 188873 3557 1246 925 209 1112 270 167 156 306 161 249 285 8 42 2 211 186 1 3
1482877483 188880 3557 1246 925 209 1112 270 167 156 306 161 249 285 8 42 2 211 186 1 3
1482877618 188912 3557 1246 925 209 1112 270 167 156 306 161 249 285 8 42 2 211 186 1 3
1482901766 188930 3557 1246 925 209 1112 270 167 156 306 161 249 285 8 42 2 211 186 1 3
1482902997 188933 3557 1246 925 209 1112 270 167 156 306 161 249 285 8 42 2 211 186 1 3
1482903857 188939 3557 1246 925 209 1112 270 167 156 306 161 249 285 8 42 2 211 186 1 3
1482904474 189238 3557 1246 925 209 1112 270 167 156 306 161 249 285 8 42 2 211 186 1 3
1482904475 189239 3557 1246 925 209 1112 270 167 156 306 161 249 285 8 42 2 211 186 1 3
1483024473 189260 3557 1246 925 209 1112 270 167 156 306 161 249 285 8 42 2 211 186 1 3
1483046384 189310 3557 1246 925 209 1112 270 167 156 306 161 249 285 8 42 2 211 186 1 3
1483144578 189310 3557 1246 925 209 1112 270 167 156 306 161 249 1351 8 42 2 211 186 1 3
1483144597 189310 3557 1246 925 209 1112 270 167 156 306 161 249 1351 12 42 2 211 186 1 3
1483145209 189310 3558 1246 925 209 1112 270 167 156 306 161 249 1351 12 42 2 211 186 1 3
1483375082 189310 3558 1246 925 209 1112 270 167 156 306 161 249 1351 14 42 2 211 186 1 3
1483375542 189310 3558 1262 925 209 1112 270 167 156 306 161 249 1351 14 42 2 211 186 1 3
1483559032 189310 3558 1365 925 209 1112 270 167 156 306 161 249 1351 14 42 2 211 186 1 3
1483559042 189310 3558 1365 925 209 1112 270 167 156 306 161 249 1351 14 42 2 211 186 1 3
1483583873 189316 3558 1365 925 209 1112 270 167 156 306 161 249 1351 14 42 2 211 186 1 3
1483632953 189316 3558 1365 925 209 1112 270 167 156 306 161 249 1351 14 42 2 211 186 1 3
1483633048 189317 3558 1369 925 209 1112 270 167 156 306 161 249 1351 14 42 2 211 186 1 3
1483641973 189318 3558 1369 925 209 1112 270 167 156 306 161 249 1351 14 42 2 211 186 1 3
1483642090 189321 3558 1369 925 209 1112 270 167 156 306 161 249 1351 14 42 2 211 186 1 3
1483652070 189321 3558 1369 925 209 1112 270 167 156 306 161 249 1351 14 42 2 211 186 1 3
