1460342848 3671
1460342897 3671
1460346893 3658
1460348929 3682
1460349289 3646
1460349595 3639
1460350010 3633
1460350349 3624
1460350819 3620
1460355874 3638
1460361040 3639
1460363852 3670
1460406458 3653
1460411108 3658
1460415184 3684
1460423590 3718
1460427330 3674
1460427484 3674
1460429593 3688
1460488771 3716
1460494829 3745
1460496764 3764
1460498625 3773
1460499041 3769
1460499063 3768
1460500240 3479
1460502141 3479
1460502150 3667
1460502302 3579
1460504535 3582
1460506556 3584
1460507447 3583
1460507883 3583
1460508294 3587
1460510510 3535
1460511672 3564
1460511864 3566
1460513299 3656
1460514157 3677
1460515909 3697
1460516349 3702
1460516802 3709
1460517812 3739
1460531919 3752
1460533605 3784
1460536477 3859
1460542267 3873
1460543091 3914
1460544334 3943
1460573732 3944
1460579920 4088
1460584522 4017
1460585560 4036
1460585810 4036
1460586829 4025
1460587675 4039
1460593865 4094
1460594233 4093
1460595034 4097
1460595167 4100
1460595267 4105
1460595878 4105
1460609640 4108
1460610745 4101
1460611010 4101
1460625708 4215
1460626012 4216
1460626456 4218
1460626517 4217
1460630437 4217
1460631738 4239
1460632869 4251
1460633758 4300
1460635847 4341
1460635990 4312
1460638253 4340
1460638769 4341
1460639057 4345
1460641935 4352
1460642395 4347
1460643024 4356
1460658868 4362
1460668926 4370
1460672827 4358
1460677952 4374
1460684685 4387
1460684864 4388
1460686703 4391
1460687257 4389
1460688929 4393
1460743784 4343
1460745922 4383
1460748085 4383
1460748118 4383
1460748947 4384
1460748962 4384
1460751570 4384
1460751635 5656
1460754011 5675
1460754281 5679
1460754791 5696
1460756714 5696
1460757670 5700
1460759409 5792
1460759878 5795
1460763418 5803
1460769012 5841
1460770747 7158
1460771335 7158
1460771348 7208
1460772835 7214
1460773377 7223
1460774778 7238
1460776745 7221
1460777424 7234
1460779546 7247
1460779646 7246
1460780112 7247
1460786756 7249
1460787436 7250
1460787570 7249
1460788204 7249
1460789088 7254
1460790428 7254
1460790503 7276
1460793202 7276
1460793644 7283
1460794357 7875
1460827577 7950
1460827706 7950
1460831244 7982
1460831376 7982
1460831891 7984
1460837685 7992
1460841492 8028
1460842447 8033
1460845295 8062
1460845755 8064
1460845816 8064
1460845868 8066
1460846506 8077
1460847209 8082
1460847381 8082
1460852699 8239
1460861072 8273
1460861490 8286
1460863239 8293
1460863244 8292
1460874760 8292
1460917606 8304
1460918818 8299
1460921418 8346
1460921480 8336
1460921653 8335
1460927108 8357
1460928501 8361
1460931260 8373
1460934042 8399
1460934209 8409
1460937012 8349
1460938243 8335
1460938494 8338
1460943200 8339
1460945660 8327
1460946460 8331
1460947030 8349
1460947494 8362
1460948408 8380
1460951203 8448
1460951791 8448
1460952822 8447
1460955421 8444
1460957218 8459
1460957347 8459
1461001238 8464
1461001286 8464
1461003976 8490
1461004342 8500
1461009001 8554
1461012288 8592
1461014004 8592
1461014029 8592
1461017141 8594
1461017848 8634
1461019473 8653
1461025457 8656
1461032268 8638
1461032353 8639
1461032543 8639
1461033379 8639
1461033667 8639
1461033811 8640
1461040300 8682
1461041120 8686
1461052372 8685
1461052378 8631
1461053132 8634
1461054056 8630
1461054129 8630
1461054319 8629
1461078201 8638
1461078477 8650
1461085483 8650
1461085495 8650
1461093013 8643
1461099850 8644
1461101184 8778
1461102037 8795
1461108666 8803
1461108699 8847
1461109515 8850
1461111227 8835
1461119200 8870
1461120968 8875
1461121564 8878
1461122327 8886
1461124428 8912
1461125553 8913
1461125909 8914
1461172667 8917
1461173237 8922
1461176794 9056
1461177199 9056
1461177342 9056
1461179205 9056
1461181994 9056
1461187087 9014
1461187383 9013
1461187921 9029
1461190721 9056
1461190772 9056
1461191244 9051
1461191399 9073
1461205977 9073
1461205987 9075
1461206063 9075
1461211711 9075
1461213751 9073
1461219115 9130
1461219766 9128
1461220425 9129
1461221114 9133
1461227066 9140
1461227661 9151
1461228273 9159
1461228505 9159
1461228668 9159
1461231914 9142
1461233737 9145
1461234542 9140
1461234663 9140
1461254287 9138
1461256632 9147
1461256842 9146
1461262812 9184
1461264883 9166
1461266734 9166
1461267075 9161
1461270029 9250
1461271651 9324
1461272623 9326
1461273054 9343
1461273778 9442
1461274204 9442
1461274431 9467
1461275674 9541
1461276128 9604
1461277149 9654
1461280993 9870
1461281063 9177
1461281375 9178
1461292863 9180
1461294010 9258
1461294947 9255
1461345677 9279
1461348370 9282
1461349127 9290
1461350040 9292
1461351524 9301
1461353222 9301
1461353779 9309
1461354842 9309
1461382793 9338
1461384802 9339
1461385871 9338
1461387686 9346
1461389196 9339
1461431818 9337
1461432571 9347
1461433067 9343
1461442339 9430
1461442553 9430
1461445064 9442
1461445603 9447
1461456038 9694
1461465961 9681
1461466074 9719
1461490201 9694
1461518978 9719
1461523175 9725
1461523773 9714
1461525260 9731
1461531025 9732
1461531477 9732
1461532354 9730
1461532605 9719
1461534826 9720
1461535099 9738
1461540257 9771
1461549715 9782
1461552778 9825
1461553599 9845
1461555067 9840
1461555733 9860
1461556426 9861
1461556433 9864
1461557193 9874
1461602779 10098
1461603517 10113
1461603737 10257
1461604679 10288
1461605839 10332
1461606202 10328
1461606268 10331
1461616640 10498
1461617010 10510
1461617142 10510
1461618946 10517
1461625833 10695
1461626127 10696
1461626459 10696
1461627033 10664
1461634198 10712
1461637396 10781
1461640186 10790
1461641159 11083
1461641448 11084
1461641569 11084
1461641789 11084
1461641952 11096
1461645769 11111
1461646034 11110
1461647134 11110
1461647359 11109
1461683037 11113
1461683411 11113
1461690073 11119
1461690793 11118
1461691195 11118
1461691767 27058
1461711744 27058
1461735281 28161
1461744404 28180
1461749261 28182
1461776830 28288
1461776845 28411
1461777181 28421
1461777545 28424
1461780838 28424
1461784937 28424
1461890676 28424
1461890692 28425
1461890714 28423
1461890724 28426
1461891260 28426
1461899891 28440
1461906179 28447
1461951660 28445
1461954576 28480
1461960319 28483
1461960552 28579
1461969592 28577
1461969740 28590
1461972369 28917
1461972692 28917
1461973253 28921
1461973450 28921
1461974453 28921
1461974922 28930
1461975121 28930
1462347406 28930
1462376176 28933
1462394820 28933
1462394927 28931
1462473990 28939
1462477596 28936
1462489692 28936
1462489875 28923
1462564298 28912
1462650706 29103
1462652853 29124
1462659029 29130
1462659539 29135
1462674138 29135
1462674373 29137
1462680776 29137
1462680884 29137
1462682622 29009
1462682783 29009
1462683509 29009
1462733471 29179
1462734144 29131
1462738902 29128
1462741192 29136
1462742833 29121
1462743119 29120
1462745479 29124
1462819378 29130
1462829487 29132
1462831698 29359
1462832779 29359
1462832789 29359
1462893960 29359
1462898563 29365
1462904795 29366
1462917810 29381
1462986016 29381
1462995650 29349
1463007075 29362
1463008307 29368
1463011398 29349
1463021859 29349
1463022000 29347
1463030513 29411
1463031650 29731
1463032561 29727
1463033618 29784
1463035751 29840
1463070894 29852
1463074590 29853
1463075231 29848
1463076373 29886
1463076818 29893
1463086176 29896
1463086183 29851
1463094818 29959
1463097196 29965
1463099776 29939
1463102543 29925
1463166304 29920
1463178604 29953
1463180952 29954
1463181740 29955
1463182258 29956
1463182332 29954
1463187189 30166
1463187278 30169
1463187850 30169
1463188376 30172
1463188604 30172
1463189039 30172
1463209701 30298
1463210061 30295
1463211521 30321
1463213448 30373
1463216934 30448
1463219692 30466
1463221254 30505
1463221306 30623
1463226056 30696
1463255358 30762
1463255568 30751
1463255689 30750
1463265954 30779
1463268012 30785
1463345444 31111
1463375012 31112
1463375027 31112
1463417813 31322
1463417929 31322
1463426890 31342
1463428245 31342
1463430548 31483
1463437131 31583
1463437585 31577
1463446933 31666
1463446982 31668
1463448590 31664
1463493504 31668
1463495840 31668
1463504252 31668
1463548569 31669
1463549713 31703
1463589702 31722
1463591294 31666
1463591911 31949
1463619471 32036
1463676767 32037
1463679256 32059
1463680691 32070
1463680890 32183
1463714158 32152
1463715395 32153
1463715785 32286
1463758574 32286
1463758589 32358
1463758886 32358
1463758978 32355
1463759211 32355
1464035458 32512
1464035568 32678
1464041374 32681
1464044566 32674
1464044582 32708
1464064038 32710
1464110239 32710
1464111123 32826
1464113530 32884
1464127930 32884
1464128897 32885
1464132298 32902
1464134038 32911
1464136866 32955
1464137461 33029
1464137579 33028
1464189021 33382
1464206602 33037
1464215285 33047
1464273109 33057
1464277189 33061
1464281865 33065
1464283385 33072
1464285277 33255
1464285490 33258
1464300620 33392
1464300716 33558
1464301000 34798
1464301342 34821
1464304064 34830
1464306393 34807
1464307907 34886
1464309694 35016
1464310043 35012
1464321094 35299
1464321246 35278
1464383663 35553
1464387386 35554
1464390974 35575
1464391023 35631
1464391077 35696
1464393612 35696
1464397542 35726
1464399486 35972
1464481039 36123
1464483953 36127
1464484135 36220
1464484141 36283
1464484477 36359
1464485345 36389
1464485999 36439
1464541365 36510
1464542469 36574
1464543347 36635
1464544530 36693
1464544903 36715
1464546483 36752
1464547188 36752
1464548523 36758
1464554461 36752
1464647842 36862
1464708101 37008
1464715889 36993
1464716000 36994
1464716768 36992
1464717342 36992
1464722101 37356
1464722815 37368
1464736197 37419
1464741366 37680
1464742513 37740
1464745353 37857
1464748916 37878
1464794257 37936
1464794356 37938
1464806991 38007
1464807775 38065
1464807789 38048
1464809086 38049
1464811013 38049
1464814587 38094
1464815424 38104
1464815642 38107
1464815725 38166
1464819613 38212
1464821553 38212
1464822211 38214
1464825162 38240
1464825759 38244
1464832200 38276
1464886576 38277
1464889289 38277
1464890080 38282
1464892074 38282
1464893618 38286
1464895282 38275
1464898681 38276
1464905912 38282
1464905925 38289
1464920994 38305
1464929660 38309
1464981294 38329
1464981503 38340
1464996765 38451
1464997595 38454
1465050060 38454
1465051634 38532
1465051967 38484
1465080201 38542
1465081286 38548
1465154805 38593
1465157691 38611
1465179299 38618
1465185854 38888
1465188449 39146
1465190427 39161
1465190650 39165
1465236921 39250
1465238703 39236
1465338814 39239
1465349760 39382
1465350823 40856
1465350988 40859
1465399696 40859
1465402559 40879
1465402755 40880
1465402769 40880
1465404808 40879
1465405785 40879
1465405823 40879
1465406935 40897
1465416671 40917
1465417371 40917
1465418161 40936
1465421613 40948
1465421622 40949
1465424775 40973
1465513216 40979
1465573102 40983
1465574001 40983
1465579144 41062
1465580293 41084
1465592098 41135
1465592262 41166
1465593237 41167
1465596898 41129
1465597248 41151
1465597260 41149
1465597608 41145
1465597638 41145
1465599736 41179
1465601012 41296
1465601492 41297
1465601938 41307
1465748754 41307
1465837009 41288
1465840072 41298
1465840973 41304
1465844153 41334
1465854682 41344
1465855272 41355
1465856073 41362
1465856084 41362
1465856360 41366
1465858596 41373
1465859767 41373
1465860361 41379
1465861006 41351
1465861007 41351
1465925431 41394
1465928141 41444
1465929945 41477
1466001032 41479
1466001640 41480
1466004703 41512
1466011992 41589
1466014602 41589
1466014960 41677
1466095271 41677
1466096120 41689
1466096455 41709
1466096570 41710
1466100650 41650
1466113591 41651
1466177362 41645
1466184064 41686
1466184334 41471
1466186599 41465
1466187069 41486
1466187115 41358
1466187771 41348
1466189343 41348
1466192159 41360
1466262524 41411
1466486604 41353
1466486822 41353
1466489805 41353
1466489940 41355
1466491438 41355
1466492629 41361
1466603435 41358
1466605769 41361
1466606273 41356
1466606376 41355
1466608236 41384
1466609733 41435
1466609980 41435
1466610090 41436
1466616521 41465
1466619536 41475
1466623697 41477
1466624033 41657
1466624034 41657
1466646232 41673
1466647271 41669
1466647302 41669
1466649838 41705
1466782997 41708
1466819826 41708
1466819860 41709
1466826830 41722
1466827539 41907
1466828330 41903
1466856856 41902
1466861491 41902
1466865799 41899
1466909943 41946
1466911088 41948
1466916838 41956
1466956214 41958
1466958319 41970
1466962632 41966
1466964339 41974
1466966973 41974
1466985819 42005
1467040686 42001
1467044702 41944
1467044999 41944
1467046392 41944
1467050534 41943
1467051493 41990
1467054700 41998
1467061864 42097
1467062389 42098
1467070119 42098
1467080281 42099
1467080293 42107
1467080712 42225
1467080713 42225
1467081644 42225
1467085777 42301
1467090619 42508
1467094742 42514
1467096507 42510
1467100832 42514
1467101563 42514
1467103938 42479
1467104590 42458
1467104591 42458
1467107101 42466
1467150104 42456
1467216217 42472
1467217528 42465
1467233101 42596
1467233421 42610
1467233462 42610
1467250322 42610
1467250651 42609
1467298897 42726
1467301715 42747
1467314392 42748
1467314398 42748
1467467391 42804
1467471791 42808
1467566261 42801
1467571874 42816
1467572628 42833
1467742753 42820
1467744641 42820
1467746539 42831
1467823808 42835
1467825158 42835
1467835741 42835
1467839266 42834
1467844551 42834
1467846479 42844
1467847571 42844
1467847624 42844
1467847877 42844
1467857942 42844
1467912754 42844
1467913078 42842
1467913192 42844
1467919842 42888
1467922166 42912
1467923724 42930
1467925228 42936
1467927408 42915
1467928402 44676
1467988613 44678
1467998453 44689
1468015772 44700
1468072276 44700
1468092148 44700
1468119564 44700
1468120483 44700
1468128272 44714
1468163119 44717
1468163662 44720
1468166710 44730
1468184803 44735
1468255406 44735
1468283670 44725
1468299319 44725
1468300592 44725
1468306724 44723
1468306745 44739
1468310707 44801
1468317534 44807
1468317716 44782
1468321720 44783
1468349050 44749
1468349166 44712
1468351066 44713
1468353984 44741
1468355524 44758
1468360310 44738
1468424022 44737
1468424037 44769
1468424330 44771
1468426895 44771
1468426907 44741
1468427766 44744
1468430037 44726
1468431192 44714
1468432305 44712
1468433664 44714
1468434426 44718
1468434582 44718
1468443248 44766
1468449195 44781
1468449302 44779
1468460949 44876
1468507992 44878
1468508350 44912
1468508782 44945
1468513218 45055
1468513591 45120
1468521390 45148
1468521911 45147
1468533085 45458
1468534770 45440
1468535211 45443
1468535601 45446
1468537818 45457
1468538894 45465
1468539094 45477
1468539565 45479
1468617773 45482
1468619322 45485
1468624795 45508
1468734031 45509
1468734824 45965
1468734825 45965
1468770301 45965
1468813727 45968
1468849107 45972
1468947679 45976
1468965130 45976
1468966925 45980
1468968132 45980
1468968213 45949
1468968267 45949
1468968970 45974
1469024053 45977
1469051975 45981
1469054600 46006
1469080410 46052
1469081271 46078
1469081442 46076
1469123046 46076
1469208065 46076
1469216010 46074
1469216203 46074
1469328489 46180
1469328490 46180
1469391181 46180
1469398668 46181
1469411185 46165
1469412240 46166
1469425206 46015
1469496526 46016
1469496545 46037
1469496851 46039
1469498846 45984
1469498847 45984
1469514317 46017
1469558326 46035
1469562580 46067
1469586234 46098
1469586962 46100
1469589965 46179
1469593541 46359
1469646975 46366
1469724590 46356
1469745840 46349
1469746189 46375
1469752238 46359
1469763618 46396
1469803543 46380
1469803569 46394
1469830632 46396
1469848082 46537
1469848533 46543
1469848652 46548
1469848868 46548
1469922307 46560
1469924019 46559
1469924197 46559
1469924203 46754
1469991142 46758
1469991228 46758
1470000662 46841
1470000986 46842
1470004088 46886
1470007541 46915
1470007820 46966
1470073742 46982
1470078736 47031
1470079872 47119
1470079873 47119
1470187042 47133
1470189933 47154
1470190434 47154
1470333016 47164
1470337433 47164
1470349998 47173
1470363479 47177
1470363613 47174
1470363642 47259
1470376329 47288
1470380373 47319
1470381040 47318
1470381751 47318
1470413413 47265
1470415415 47240
1470415737 47240
1470417823 47236
1470421211 47246
1470434691 47246
1470435262 47263
1470493575 47264
1470548514 47346
1470623601 47349
1470623751 47350
1470697380 47414
1470768577 47418
1470768796 47426
1470774735 47429
1470804342 47429
1470804930 47541
1470890140 47587
1470890159 47590
1470893070 47590
1470894189 47615
1470923668 47632
1470932759 47632
1470957196 47634
1470957305 47585
1470957483 47645
1470957597 47720
1471027563 47799
1471027904 47799
1471029177 47843
1471037280 47843
1471037601 47842
1471211431 47844
1471213786 47861
1471214988 47919
1471215510 47920
1471227333 47979
1471232812 47981
1471235328 48019
1471278895 48018
1471278911 48069
1471279761 48077
1471292617 48077
1471297621 48096
1471316298 48037
1471318189 48039
1471318747 48161
1471357658 48178
1471358359 48186
1471373543 48186
1471456430 48212
1471466445 48233
1471533465 48233
1471536031 48241
1471537037 48261
1471544573 48265
1471544751 48271
1471549737 48275
1471550184 48276
1471625475 48276
1471634205 48276
1471668418 48284
1471706066 48285
1471709493 48293
1471712849 48293
1471716294 48376
1471899780 48376
1471946481 48408
1471962640 48415
1471978890 51859
1472250198 48447
1472250538 48444
1472251848 48447
1472252193 48447
1472253105 48446
1472253591 48442
1472329747 48514
1472331717 48550
1472332465 48552
1472338995 48496
1472346835 48500
1472347861 48500
1472395330 48491
1472395399 48491
1472397173 48491
1472398419 48489
1472409218 48524
1472409579 48525
1472481141 48531
1472481537 48698
1472485052 48699
1472485508 48709
1472485533 48709
1472485702 48710
1472500140 51353
1472510707 51355
1472567818 51390
1472568338 51391
1472655638 51391
1472660664 51860
1472661331 51861
1472696869 51861
1472698449 51861
1472701570 51867
1472981605 51871
1473072814 51912
1473168497 51911
1473321293 51916
1473323161 51943
1473325899 51943
1473328042 51955
1473333149 51991
1473333450 51991
1473334187 52093
1473334188 52093
1473335640 52094
1473335745 52094
1473411022 52094
1473422064 52094
1473484326 52107
1473496872 52107
1473589079 52107
1473605687 52111
1473770573 52120
1473770605 52148
1473772862 52169
1473811154 52175
1473862454 52166
1473867330 52285
1474044013 52287
1474298059 52294
1474299342 52298
1474300559 52299
1474300744 51102
1474301827 51075
1474302907 51075
1474302959 51075
1474415617 51075
1474432193 51078
1474476340 51114
1474516673 51114
1474517253 51098
1474564483 51110
1474566840 51089
1474642884 51088
1474656413 51065
1474657063 51065
1474663314 51063
1474665561 51063
1474667408 51061
1474667667 51067
1474669003 51067
1474669489 51051
1474669490 51051
1474943923 51077
1474944897 51077
1474944968 51080
1475005638 51103
1475005906 51102
1475010507 51239
1475010508 51239
1475010712 51237
1475089448 51251
1475091179 51253
1475091209 51270
1475101881 51270
1475101892 51270
1475102016 51270
1475109452 51358
1475109905 51358
1475110696 51362
1475133705 51362
1475137182 51362
1475167925 51362
1475168447 51365
1475185860 51372
1475201139 51372
1475257073 51411
1475258258 51411
1475259310 51417
1475259507 51419
1475259527 51424
1475259896 51424
1475260320 51477
1475260321 51477
1475269406 51477
1475269921 51477
1475694794 51492
1475694961 51494
1475697872 51494
1475876391 51494
1475876417 51494
1475876562 51494
1475950505 51517
1475950536 51530
1475950601 51532
1476045203 51551
1476141643 51565
1476142219 51573
1476149005 51582
1476149029 51581
1476153674 51623
1476154515 51634
1476155001 51648
1476155734 51648
1476155855 51648
1476156324 51674
1476157977 51689
1476204810 51711
1476204831 51702
1476205534 51702
1476209414 51705
1476221555 51710
1476222800 51713
1476223082 51692
1476224291 51727
1476228721 51727
1476232273 51769
1476233350 51840
1476233428 51841
1476244733 51869
1476248046 52197
1476248047 52197
1476292941 52198
1476293202 52224
1476293336 52224
1476293499 52226
1476295665 52235
1476302354 52234
1476304316 52234
1476306732 52248
1476308588 52249
1476343067 52254
1476343101 52248
1476344119 52248
1476344547 52248
1476349535 52232
1476350391 52235
1476350847 52268
1476350848 52268
1476451509 52269
1476451674 52289
1476671782 52293
1476672219 52294
1476672710 52295
1476696622 52295
1476887597 52295
1476890482 52295
1476984846 52630
1477110239 52295
1477119452 52519
1477124855 52546
1477311907 52546
1477313531 52546
1477929298 52545
1477932448 52556
1477933601 52556
1477945718 52556
1478013445 52631
1478014243 52643
1478015327 52643
1478015422 52728
1478022475 52737
1478030016 52784
1478116257 52807
1478127069 52824
1478140476 52940
1478148829 52957
1478184823 52961
1478192827 52961
1478204585 52960
1478204753 52964
1478219840 52964
1478259887 52980
1478266510 52971
1478266732 53082
1478278395 53143
1478278493 53135
1478290969 53138
1478292422 60155
1478292423 60155
1478303291 60175
1478307077 60177
1478311086 60180
1478311251 60173
1478312385 60173
1478314170 60223
1478317646 60266
1478359437 60266
1478359704 60267
1478371050 60269
1478377200 73880
1478536417 60306
1478548034 73879
1478553184 60482
1478553588 60477
1478553951 60480
1478557666 73884
1478557885 73884
1478620989 73962
1478621140 73967
1478659199 73963
1478725589 73947
1478732907 73947
1478732973 73947
1478744341 74037
1478913911 74035
1478968431 74139
1479007005 74140
1479060908 74152
1479063842 74150
1479064054 74152
1479158421 74237
1479161340 85309
1479162961 85345
1479225908 74285
1479230979 74292
1479235317 74299
1479240904 74302
1479241294 74301
1479241319 74301
1479243206 74306
1479246312 74309
1479249542 74309
1479251102 79110
1479251440 79014
1479251460 79014
1479264227 79014
1479269270 79039
1479313540 79033
1479315987 79031
1479332504 85299
1479333265 84771
1479334612 85367
1479350579 85394
1479351904 85413
1479352673 85413
1479392202 84789
1479399954 84803
1479418134 85677
1479418640 85710
1479424088 84815
1479424510 84815
1479428517 85765
1479439118 85812
1479486965 84825
1479487622 84830
1479488216 84831
1479489192 84849
1479490441 84851
1479519513 84886
1479519705 84886
1479522888 85800
1479523774 85815
1479524041 84887
1479558456 84891
1479609937 84891
1479611286 84893
1479611698 85091
1479611699 85091
1479653020 85132
1479653191 85152
1479653438 85198
1479659798 85267
1479659862 85268
1479661150 85268
1479661404 85280
1479695755 85839
1479696145 85855
1479739866 85972
1479742074 85972
1479742197 85976
1479743553 85977
1479746478 85986
1479759880 86290
1479759894 86287
1479764692 86290
1479767643 86301
1479824541 86316
1479827462 86318
1479831307 89208
1479912172 89231
1479923845 89263
1479924909 89281
1479925132 89346
1479934841 89466
1479934842 89466
1479941201 89488
1479942275 89488
1479944125 89484
1479944510 89514
1479944525 89514
1479946911 89514
1479946923 89514
1479999740 89544
1480000322 89547
1480000505 89554
1480003407 89551
1480004485 89551
1480006220 89568
1480006851 89568
1480007861 89566
1480009647 89579
1480009993 89586
1480010359 89593
1480086381 89593
1480093709 89593
1480093722 89632
1480095702 89664
1480095749 89663
1480097084 89676
1480097771 89692
1480108194 89692
1480111960 89769
1480194354 90108
1480194414 90108
1480420173 90108
1480450071 90112
1480526118 90267
1480526170 90293
1480527116 90315
1480532000 90354
1480533640 90359
1480566543 90419
1480566763 90434
1480604314 90437
1480620715 90443
1480632391 90445
1480632449 90450
1480635166 90454
1480639517 90457
1480647678 90899
1480647679 90899
1480686880 90900
1480733405 90901
1480734140 90901
1480739164 90902
1480740359 90905
1480740485 90905
1480741059 90905
1480767045 90947
1480785567 90951
1480837206 90901
1480869293 90951
1480870245 90953
1480901391 90958
1481147050 90959
1481147309 90959
1481150063 90964
1481150427 90959
1481209298 90948
1481212590 91009
1481216268 91009
1481217131 91014
1481217982 91014
1481220933 91034
1481226974 91040
1481227106 91045
1481230946 91071
1481234049 91090
1481304012 91079
1481305873 91089
1481469383 91102
1481570532 91102
1481570564 91102
1481592438 91102
1481596236 91122
1481596450 91123
1481597947 91123
1481598569 91581
1481605220 91581
1481647945 91592
1481648557 91615
1481648626 91615
1481649747 91631
1481649748 91631
1481675347 91647
1481677254 91640
1481677965 91644
1481678182 91642
1481680872 91652
1481682150 91658
1481732693 91669
1481736174 91729
1481736458 91754
1481736570 91754
1481737348 91760
1481907053 91778
1482162992 91810
1482200407 91810
1482200478 91810
1482291054 91810
1482354514 91841
1482355084 91955
1482355144 91865
1482355218 91865
1482355374 91959
1482356512 91959
1482375830 91970
1482377721 91982
1482377752 92050
1482380841 92096
1482381316 92097
1482459460 92107
1482463977 92149
1482465785 92152
1482468010 92176
1482468584 92177
1482541731 92186
1482597375 92908
1482597377 92908
1482690571 92908
1482695841 92913
1482764095 92914
1482766368 92921
1482776912 92931
1482851805 92931
1482851844 92931
1482853019 92925
1482858613 92928
1482865900 92928
1482865905 92913
1482869028 92934
1482872337 92937
1482872949 92966
1482872961 92966
1482877483 92968
1482877618 92992
1482901766 93006
1482902997 93006
1482903857 93012
1482904474 93194
1482904475 93194
1483024473 93214
1483046384 93258
1483144578 90606
1483144597 90610
1483145209 90610
1483375082 90610
1483375542 90596
1483559032 90683
1483559042 90683
1483583873 90687
1483632897 90687
1483632953 90687
1483633048 90687
1483641973 90687
1483642090 90688
1483652070 90683
